19091641.0
27443379.0
28014981.0
18750186.0
19230187.0
28302703.0
22417495.0
24312572.0
19557571.0
22260340.0
23097139.0
16864891.0
21894785.0
27132672.0
21384678.0
20776430.0
23747927.0
22864173.0
15837717.0
23296672.0
23616463.0
17417875.0
27574185.0
23272019.0
18786663.0
13719920.0
20563012.0
19939434.0
18038643.0
20611546.0
20892810.0
27108536.0
21219292.0
24863439.0
19007521.0
27308264.0
19671732.0
20855004.0
19754079.0
29459398.0
22235925.0
21794333.0
20137474.0
22236889.0
18153501.0
22837612.0
29237966.0
18260982.0
19363881.0
19771786.0
19690159.0
18588511.0
20802354.0
26426973.0
23945554.0
22981220.0
27480946.0
16853943.0
16585059.0
17615519.0
28033678.0
15963933.0
17306578.0
17320356.0
18925530.0
14663281.0
17928965.0
26662479.0
21347963.0
20856880.0
19710765.0
17991475.0
16843010.0
18846313.0
18062853.0
18175849.0
12250993.0
28410072.0
22637878.0
16942886.0
18577467.0
24096451.0
20053150.0
23964417.0
21872487.0
24583160.0
22970501.0
18429614.0
18148262.0
16586287.0
19047436.0
19240123.0
16461767.0
26949000.0
23159601.0
18484309.0
13630865.0
17846705.0
24733894.0
17587081.0
13818217.0
23298657.0
15426025.0
17586743.0
24810479.0
17249503.0
20176618.0
15500501.0
11629529.0
25610121.0
18961585.0
14791882.0
14706785.0
12964063.0
24539071.0
20026014.0
13043358.0
24696982.0
13166464.0
20607408.0
17188400.0
13653738.0
15358570.0
15460246.0
21946667.0
18293535.0
17031149.0
11809619.0
27120146.0
21507470.0
11995112.0
29425466.0
17933572.0
13273977.0
15447035.0
16442092.0
17096107.0
16335432.0
15569422.0
14201448.0
20911496.0
11895862.0
13361613.0
12022304.0
14887649.0
21067382.0
16349153.0
19589292.0
22023070.0
19061142.0
10649925.0
11211208.0
15611640.0
15566541.0
13388885.0
22716196.0
20460499.0
19713215.0
19941686.0
19032278.0
19189866.0
18023226.0
17762945.0
20072018.0
13194309.0
13342201.0
17846126.0
17232941.0
15966658.0
18376716.0
16948768.0
15430374.0
13942702.0
27433347.0
15283720.0
10551816.0
16025007.0
24147347.0
22514973.0
23462968.0
34248101.0
21633218.0
14420248.0
21863234.0
15415363.0
13608267.0
22636536.0
12298807.0
15950932.0
13872837.0
15910440.0
15728844.0
14366685.0
16799426.0
17429897.0
17712138.0
18697153.0
19861825.0
17290813.0
22885648.0
13529161.0
17900914.0
10970550.0
17810720.0
30430226.0
15607698.0
24611473.0
23001500.0
12300871.0
15014346.0
15405590.0
11335037.0
16689995.0
20516990.0
13879158.0
12276669.0
30323419.0
18045514.0
28190208.0
16011059.0
15963287.0
21892217.0
15982256.0
25504864.0
29015012.0
14299676.0
24866164.0
18025082.0
15442673.0
17650420.0
11754760.0
16266864.0
13982591.0
16513316.0
13823715.0
22551831.0
18827928.0
16253206.0
16763776.0
23488503.0
10026561.0
13294411.0
25776795.0
35136438.0
27794097.0
20199464.0
16760708.0
19463570.0
20889937.0
19175301.0
11180439.0
15016849.0
11246063.0
25028973.0
17991562.0
19094458.0
20997273.0
17991237.0
25565447.0
6722554.0
11819849.0
12645562.0
15377679.0
15532485.0
16125973.0
17323850.0
13096741.0
19785259.0
13965428.0
12561421.0
9317247.0
23626127.0
7334582.0
11071616.0
12187349.0
21040824.0
15880922.0
8699949.0
10357299.0
16268042.0
30764321.0
8744101.0
11486131.0
14997235.0
17967042.0
10274788.0
29747152.0
16842385.0
14666455.0
16332012.0
12733563.0
8445162.0
20975525.0
6017494.0
15415568.0
18990153.0
22913674.0
15026258.0
15868616.0
24538038.0
20906886.0
7116213.0
17790405.0
14737404.0
25154379.0
24070674.0
25196339.0
18046193.0
12104163.0
25794298.0
10272765.0
25499871.0
30121592.0
17177780.0
17491942.0
23994478.0
24955688.0
17602946.0
12677770.0
14461431.0
20313726.0
15033661.0
21424889.0
10411913.0
13852508.0
11978194.0
22963877.0
9468549.0
11549576.0
12304295.0
23129762.0
15526350.0
13071633.0
20088389.0
18238839.0
11855776.0
11835536.0
8728216.0
18424151.0
9045559.0
11882705.0
14248720.0
13893138.0
25893798.0
7103008.0
11261810.0
16754105.0
21461715.0
20025380.0
10369788.0
13249759.0
13585453.0
21475652.0
16053251.0
28065829.0
12443350.0
11294631.0
19188079.0
13582752.0
22046391.0
13970171.0
10463106.0
18322815.0
9560475.0
18945181.0
18250415.0
17198553.0
14466280.0
25843308.0
21113283.0
13432808.0
13003983.0
17452854.0
19420337.0
23708341.0
14661307.0
11472498.0
21051530.0
14894261.0
20101721.0
9643495.0
14078086.0
11992543.0
11085019.0
19648644.0
12315393.0
15545803.0
12415722.0
15969948.0
9552005.0
17384663.0
15897985.0
22247421.0
9035313.0
14635308.0
32117363.0
15892647.0
13305918.0
14587803.0
15004420.0
20217865.0
23074062.0
13300051.0
16207894.0
17934094.0
16606624.0
24419840.0
8078275.0
21188729.0
20142084.0
35319128.0
17255959.0
11795623.0
17486158.0
16107034.0
12656953.0
17853256.0
9827427.0
11610954.0
19154724.0
13540107.0
6492668.0
19516132.0
8433829.0
11470642.0
12344335.0
10083241.0
11390701.0
21913443.0
13850211.0
23014432.0
8565762.0
17147411.0
16111179.0
9148422.0
31679027.0
11295735.0
13733056.0
7980972.0
15295889.0
19764784.0
19993292.0
10441152.0
26183572.0
12751852.0
14005991.0
26461049.0
21006113.0
11596391.0
14097940.0
19210603.0
12273990.0
16480543.0
19399770.0
18022329.0
18419503.0
11968585.0
19621632.0
18992627.0
18757269.0
19119408.0
24773141.0
15791362.0
13079775.0
27842020.0
13114942.0
8926712.0
13203062.0
13952747.0
17197909.0
12212176.0
20890272.0
21653067.0
13576386.0
9848541.0
12579527.0
30235040.0
12428559.0
13919333.0
19824402.0
16153128.0
15689172.0
7346562.0
10688091.0
8848551.0
10811747.0
16482156.0
20700956.0
15658714.0
10714882.0
22917721.0
9348891.0
17374360.0
27078809.0
8878868.0
24065145.0
20131631.0
10653126.0
11767429.0
20749809.0
