18190466.575460255
20487495.704242785
21028286.204559233
18379605.294960193
18843691.53348549
19326581.825599473
19650045.176147074
18411477.510794513
19814642.747806072
17814707.558557723
21564883.412062634
18258406.278911788
19506118.92379221
21179049.740082804
18689275.114445508
15892599.698952178
18963620.550784804
19665627.802035037
15118368.753819877
17879972.03555527
18345010.299327467
17643439.200721078
23669908.865595374
18642201.979269166
19889583.371211506
18701626.168344315
17663561.427278228
17532181.640552945
15348254.492668768
17758578.848076623
14856779.387701645
22266690.23011
16564538.795725727
17766841.068927336
20946212.051634617
23062454.242727093
17547904.958391957
19210088.070941374
19373083.099437576
23761166.244730618
19130724.524237182
17589874.874156784
19172958.424316283
19275780.321366087
19569360.542776432
19812374.152650442
23505890.76128157
19197832.465341397
15821951.617321337
18812770.910756085
19918036.3656583
19905702.84298528
19871544.37845009
20423243.50860916
22626165.13868808
20656332.708169688
23348416.354336366
15123761.448978921
17973699.02743178
19806220.84433852
23230794.57745276
15487710.975679576
18133375.717110053
16886735.786048457
18880320.70094593
17230663.78456495
18987394.04985525
22199818.765504517
18967564.2852181
21379149.425157946
19710467.551850554
17811339.949370164
17938519.34392031
17194406.982982803
15811053.476501958
19597770.485323932
15277649.652509233
22191783.81403582
19215495.92475282
17339060.205182627
20942956.620204255
22381437.514664784
17565229.946312252
20545601.608870264
18373671.83910151
23555710.66376042
22643173.28986302
18803910.116454065
18160835.958182268
16013802.705056949
16953396.55155727
17216106.214260593
17183514.619578447
24668952.483437996
19853463.22760729
16720608.722064495
15719679.25846567
19488878.772943165
21641477.599263094
19456752.448205896
17026851.763354205
21127732.00237401
16336539.943495924
18773577.070201095
21749438.730336484
18766249.123443235
18097694.608049236
17945006.511278056
15499005.966274774
21705659.42825457
17300146.1039245
17608897.167973995
15323724.696149437
14637143.773619415
21844637.80270902
18150798.389987722
16965166.097926505
20463964.909331776
17780486.260866955
19439871.841078173
18534517.336265914
15659111.584654596
18487436.59976532
16744033.275846504
20358693.564847697
19443291.71054095
18459566.10019146
15763243.245284364
23473536.753209416
17405125.76253523
14934517.228573123
23269560.081475854
19090425.890719566
15596770.773348331
16409884.417245487
15093936.395193888
16906036.153238386
19559967.15041881
14903597.732599748
16434883.336459052
20746308.499094415
15793970.566817047
17342450.42500182
15942612.282261329
18738928.591240235
20781750.89782813
18868077.968331803
19648501.756213497
17296529.337309003
18369678.02607429
15633520.097976219
14611591.6830866
16546557.98297826
17075451.339082763
17294273.740057055
19726887.085421443
18291271.35278334
18872862.915579192
19568389.33864199
20751821.970869597
19147226.573049255
18696056.81423749
17456062.807796795
16645494.194143843
16427232.625074578
15756016.171316747
16917447.411283154
16410541.346995445
16817977.342595086
17350089.781247277
16876007.219297726
16641298.064730857
15665504.029079126
22363783.866237625
18725134.543590464
14840231.030667448
14998295.244939586
22126069.859008677
22380814.023500204
18816943.55594009
22821133.20672828
18909459.644143466
16556468.133203091
20309532.45548863
16704597.164326191
18284886.195806906
19476179.26432313
18457918.383726917
18661308.83929864
17519652.69559311
17871072.371255644
16491543.202814436
16852956.90099949
19471727.03056705
20269399.919112332
19315299.979834482
17792580.73987898
21334616.74096128
17783135.967092194
20674966.718838587
15260747.657018024
18925591.60977939
14858468.359396322
17246337.608845465
24409962.823206257
16947108.21604015
21054281.80045387
21174449.584563762
15706963.071114298
18533902.178780764
16237930.911034916
14326985.64930572
16821617.706102155
20286878.015576586
16571195.227991201
17607953.216319
21206068.52372805
17125893.72991628
20631616.983279318
16820198.07825175
18063828.90785067
19521536.559047036
17461466.850088987
20746252.516876683
24003385.04483017
17810558.654746365
23412552.815001488
16264998.882273568
16928785.38964918
18156809.913096286
14288815.712125171
19346101.645516437
17866258.917451497
16938950.419463653
16923535.313881516
20858147.55792562
18778914.292023003
16103669.778709646
18428206.540374678
22418611.868620027
15056175.91497185
17567435.256233655
20728543.476705346
23203664.961936105
23442123.65736775
19046943.337403636
18254911.49561386
19525146.92288984
21152071.390105255
16236446.484534854
16607831.453163013
15820763.340236561
16253320.372149752
21293605.686977886
18675898.025861785
19249284.945233334
22019133.48411407
17378598.808457073
21353002.74618924
13437350.313095827
16482411.31025037
15303523.238388114
17896438.57343025
17151388.68670062
18303744.296829384
17575315.083100952
16041200.461922865
19313814.80283048
16689490.226706548
15261765.750900162
13997936.540428052
23438435.37524988
13753283.981538396
15145559.939806106
16146413.77904818
18762908.60865636
18941857.5127472
13736807.114266533
15873064.142450824
16382346.819694135
22739670.938929293
13912251.26978086
16892167.43488461
16874179.097880155
18564289.086143266
14826299.222236864
20798946.518263362
16676016.148415834
15491170.168552056
17391086.047701083
15840432.550732607
14077266.330151454
20110488.740286708
12314194.313609695
17953209.318790063
18245894.131257255
18864823.482628424
17433220.25940805
17899115.14730816
18729237.37451158
19360301.58254672
12025670.50627266
19222112.917422086
16385757.973471472
20096806.936711565
21975312.794649187
23958530.59774602
16820786.138002645
13732070.898260012
17654923.236858442
13472455.402173776
20068880.818461902
23567505.304521855
17698344.89197516
19023369.740835216
22345316.479219552
20354052.561273757
18454858.38097641
16005950.087398885
19280077.11271598
18817521.094367992
15214355.079589076
20752607.238712016
17214863.4961512
14777387.186977223
14375519.09172729
20145294.058396727
13500674.281999027
14986126.563788785
17504923.072467968
20239799.808764067
17234674.853558194
15194193.524580171
18285214.626997363
16109994.90915654
14143559.955406642
15076058.774913834
13853330.182263175
17320875.638144907
13295827.80135975
16209112.343424264
19473284.135607116
16935433.231017523
20630242.776814926
13457350.824475445
15940158.269137893
16798202.06180344
21349470.98656678
19767110.790258735
14462511.528999407
16756095.777527388
16635683.496191887
19442488.26767411
15999649.141114539
23192737.885582846
16236292.250043327
16181071.50025003
18905189.62875094
18218781.37096528
21441698.035509266
17642697.05750903
15749917.437098507
19190779.535915464
14459291.459559541
18580076.6105936
18878356.478040576
18156181.626764636
15712610.922842951
20428642.011579152
19237180.68704378
14512832.437279355
16042311.286761891
17907140.976660192
19385644.273944233
21073503.488742113
17998237.642430093
13941516.671918735
22399499.50178197
17811395.102954898
19581566.993800968
17029183.686850198
18148501.848367512
15755075.768126406
16383947.782771286
20704247.160800967
16541289.013631592
17836824.996531673
14505639.850359846
17410791.007071473
15053492.16377898
17308075.292397708
18998741.742358804
18740340.895364743
14702078.52729523
17564050.011511244
22894567.22647782
16534830.996493176
18840237.329015154
19086867.93399827
16342025.638258154
19665515.17224491
20579892.556572806
16479116.705943728
16599068.292490933
20649218.96528416
16963662.69096737
18640455.76073272
13753166.902876543
19607633.8835303
20383639.509259876
24001485.445851263
19588794.41811677
16294360.297395432
18263352.3784236
16524398.69932601
15053268.273234868
19900675.890745558
15163841.44021664
13522557.056360053
20781091.678549595
17027111.744974207
12693420.771484071
19338234.567672577
13745544.459828766
16359684.127663627
18808335.68333217
15185937.24804251
14307403.222778102
19195194.926313683
18502925.8651511
18058521.784036547
14399606.260391198
16928312.881052405
17168163.659083348
15149554.19303143
20460555.60321902
16767507.942313792
17046279.672653288
15461170.152981954
17028089.51268832
17516831.02979399
20110019.398991823
16185061.987936387
23867441.929265045
18744654.750870384
15870650.51674344
22939608.37634865
17424165.13006202
15254118.036489312
16968647.27886768
19124742.685905773
15612695.851959415
17109666.44036655
20189703.95854995
19244596.28121365
20623864.92522885
16513831.001562258
19524821.23896805
17330580.90203363
17747513.963926144
19182189.25649513
20804493.41718614
14609833.761391917
15314396.834354846
21601134.81877343
16165126.448703926
15330053.764722375
14635065.712872587
16742621.171778118
17018359.638156626
15749826.870207733
21387982.309530593
18520639.009778365
16047317.719891716
14112717.010766143
17065426.563593023
21724625.81298705
15834817.007949522
16648788.398561148
19271954.066975098
16596920.322473139
16082131.620637212
12069995.105743743
15179700.702788418
13374979.27095562
14443321.749863528
19183463.220876653
18875981.472311843
18145134.434157636
14747426.109858556
21894135.80350068
16294435.022987029
20304643.428100307
21613771.335066836
13914060.373175766
19104875.91790882
18563370.313665867
14525759.83606257
14534675.358119644
21903014.253085967
