39.95796296296297
48.86814814814815
49.00351851851852
41.68814814814815
41.52074074074074
43.81685185185185
44.52777777777778
41.910555555555554
45.20333333333333
39.01259259259259
49.40648148148148
40.2137037037037
44.03425925925926
48.32314814814815
42.11518518518518
34.995
41.70425925925926
44.46851851851852
33.517037037037035
40.59111111111111
41.35685185185185
38.84351851851852
55.873703703703704
41.556111111111115
45.290925925925926
41.31611111111111
39.29814814814815
40.32388888888889
33.471296296296295
39.474259259259256
33.386296296296294
51.47796296296296
37.916666666666664
40.194074074074074
47.553148148148146
53.913333333333334
39.627037037037034
42.26185185185185
44.300555555555555
55.49666666666667
43.22351851851852
40.52444444444444
42.827592592592595
43.507962962962964
43.720555555555556
44.913333333333334
53.03074074074074
42.72
35.29185185185185
42.8662962962963
43.4687037037037
45.01925925925926
44.57222222222222
46.97018518518519
51.711481481481485
46.02462962962963
53.42333333333333
32.90555555555556
39.16962962962963
43.68518518518518
54.218148148148146
33.48555555555556
40.21611111111111
37.46296296296296
40.77740740740741
37.53685185185185
42.67722222222222
50.51925925925926
42.577777777777776
48.72796296296296
44.980555555555554
39.39388888888889
39.742407407407406
36.46018518518518
35.10055555555556
43.97796296296296
31.96648148148148
49.998703703703704
43.80833333333333
38.177962962962965
46.68351851851852
50.566296296296294
38.67777777777778
46.12925925925926
39.38462962962963
54.29833333333333
51.66574074074074
41.120555555555555
39.78037037037037
34.55777777777778
37.48444444444444
37.59740740740741
36.99814814814815
55.61462962962963
44.023148148148145
36.997962962962966
33.85055555555556
42.94962962962963
48.52759259259259
44.199444444444445
36.5487037037037
47.735
34.7037037037037
40.10407407407408
48.794259259259256
41.053703703703704
38.78092592592593
37.89666666666667
33.06074074074074
49.001296296296296
37.852222222222224
38.58907407407408
33.74944444444444
31.273888888888887
49.57462962962963
39.852407407407405
36.33851851851852
46.31055555555555
39.407222222222224
42.49740740740741
41.114814814814814
33.62111111111111
41.03314814814815
35.65
46.46111111111111
43.016851851851854
40.602222222222224
33.25925925925926
52.99944444444444
38.31092592592593
32.71092592592593
52.747962962962966
41.685
33.11222222222222
34.767037037037035
33.54259259259259
37.02648148148148
43.45518518518519
32.62537037037037
35.21351851851852
46.51611111111111
32.632592592592594
36.43981481481482
33.364444444444445
41.95796296296297
46.78407407407408
41.17537037037037
43.13333333333333
38.404074074074074
41.782407407407405
31.824814814814815
31.08240740740741
36.80129629629629
37.355555555555554
37.01611111111111
44.39611111111111
41.53351851851852
43.15
43.52814814814815
46.20444444444445
42.394444444444446
40.440925925925924
39.00925925925926
36.44148148148148
35.21981481481482
33.09759259259259
37.772962962962964
35.337407407407404
37.196666666666665
37.02055555555555
37.24333333333333
36.63388888888889
33.775555555555556
51.35055555555556
40.56666666666667
31.355740740740742
31.645185185185184
49.108518518518515
50.34462962962963
43.70981481481481
52.39111111111111
41.49
36.31407407407407
46.44148148148148
35.556481481481484
40.330740740740744
43.68425925925926
39.3812962962963
40.818333333333335
38.15018518518519
39.20851851851852
35.452222222222225
36.80574074074074
42.52777777777778
46.288518518518515
41.91740740740741
38.98092592592592
48.297407407407405
39.92962962962963
48.13
32.04814814814815
41.32611111111111
30.697592592592592
38.11074074074074
56.553333333333335
36.53296296296296
46.443518518518516
46.299814814814816
33.61648148148148
40.89333333333333
34.852777777777774
29.35
36.111296296296295
46.74037037037037
36.27703703703704
37.49148148148148
47.99666666666667
37.97074074074074
46.99111111111111
37.77685185185185
39.28259259259259
43.03351851851852
37.62185185185185
47.43277777777778
55.54037037037037
39.257407407407406
54.59648148148148
36.31444444444445
36.617222222222225
39.553703703703704
29.210555555555555
43.49092592592593
39.98425925925926
36.910555555555554
36.97481481481481
46.93833333333333
41.82666666666667
35.24925925925926
41.248703703703704
50.17944444444444
31.213148148148147
38.91407407407407
47.47796296296296
51.866851851851855
54.26722222222222
42.43425925925926
39.852407407407405
43.03037037037037
48.532037037037036
35.235
36.22592592592593
33.99351851851852
33.629814814814814
47.76759259259259
40.88148148148148
43.25907407407407
49.60574074074074
37.575
49.05037037037037
27.891111111111112
35.712407407407404
32.876296296296296
38.08296296296297
36.696666666666665
40.004814814814814
39.06925925925926
34.400925925925925
42.87462962962963
37.13166666666667
33.33518518518518
29.259074074074075
54.39648148148148
28.45740740740741
31.950370370370372
34.794259259259256
41.61222222222222
42.136296296296294
28.630370370370372
33.599259259259256
34.449444444444445
53.13111111111111
28.691481481481482
35.83796296296296
36.74629629629629
41.723703703703706
31.494814814814816
46.156666666666666
36.30074074074074
32.64370370370371
37.66111111111111
33.23037037037037
28.76685185185185
44.9237037037037
25.36425925925926
39.41407407407407
40.269444444444446
42.623518518518516
37.62314814814815
38.49814814814815
42.541111111111114
43.41407407407407
24.205555555555556
42.583333333333336
36.43962962962963
45.40851851851852
50.17351851851852
56.48833333333334
37.89685185185185
27.519814814814815
39.33111111111111
27.991666666666667
44.059814814814814
54.5
37.03018518518518
41.33777777777778
49.486111111111114
46.385555555555555
40.16555555555556
35.57574074074074
42.675
43.60314814814815
32.674814814814816
46.12185185185185
36.92296296296296
29.51
30.547037037037036
45.85166666666667
28.41
31.677592592592593
38.13055555555555
46.20722222222222
37.861666666666665
31.749074074074073
41.614259259259256
34.852777777777774
28.261296296296297
32.71111111111111
28.629074074074072
38.18925925925926
27.362037037037037
34.62203703703704
44.507962962962964
37.24314814814815
47.907037037037036
27.923333333333332
33.955740740740744
35.894814814814815
47.806481481481484
44.93851851851852
30.582037037037036
35.961666666666666
35.86648148148148
43.3512962962963
34.81462962962963
53.76851851851852
36.031851851851854
34.44277777777778
43.580555555555556
39.709074074074074
48.24814814814815
39.260185185185186
34.336666666666666
42.61925925925926
30.793333333333333
41.39685185185185
42.22907407407408
39.22259259259259
34.471111111111114
46.11611111111111
42.562777777777775
31.193703703703704
34.55462962962963
40.92574074074074
42.40259259259259
47.1037037037037
38.90814814814815
28.847592592592594
51.233518518518515
38.989074074074075
42.34703703703704
36.51537037037037
39.82222222222222
33.40148148148148
35.7712962962963
45.586851851851854
35.71962962962963
39.587407407407404
31.00925925925926
38.0487037037037
31.63722222222222
38.21314814814815
41.89370370370371
42.28314814814815
31.67425925925926
36.937222222222225
52.93555555555555
35.18555555555555
41.28592592592592
41.22851851851852
35.83907407407408
44.60055555555556
47.63462962962963
35.19185185185185
36.4237037037037
47.24814814814815
37.424814814814816
41.355
28.956666666666667
44.97481481481481
45.887962962962966
56.81037037037037
44.33574074074074
34.94314814814815
40.668703703703706
37.541296296296295
31.081481481481482
45.1
32.47833333333333
27.629814814814814
46.00703703703704
37.03537037037037
25.937962962962963
43.455555555555556
28.778703703703705
35.29074074074074
41.916666666666664
32.72962962962963
30.282962962962962
42.97240740740741
42.32944444444445
40.010740740740744
30.497777777777777
38.153888888888886
37.5362962962963
32.38666666666666
46.81462962962963
36.876481481481484
36.38407407407407
34.1337037037037
37.422777777777775
39.61611111111111
44.522962962962964
35.43814814814815
56.925
40.498518518518516
34.90240740740741
53.67055555555555
37.87388888888889
32.358148148148146
37.58833333333333
43.15851851851852
33.87685185185185
38.468333333333334
45.55185185185185
43.88851851851852
46.37833333333333
34.40611111111111
43.27777777777778
38.79666666666667
39.09814814814815
43.458703703703705
46.864444444444445
31.610925925925926
32.86592592592593
49.34388888888889
34.873703703703704
32.34425925925926
31.975555555555555
36.706296296296294
36.79148148148148
34.58185185185185
47.07611111111111
40.818703703703704
35.04351851851852
29.880370370370372
37.395185185185184
50.20425925925926
32.778333333333336
36.32574074074074
43.55481481481481
38.0612962962963
35.58296296296297
25.19611111111111
32.97148148148148
28.475185185185186
30.643703703703704
42.663333333333334
42.37166666666667
39.6
31.81888888888889
50.011296296296294
35.81537037037037
45.64648148148148
51.218148148148146
29.625555555555554
44.055925925925926
41.86944444444445
30.045185185185186
30.376296296296296
50.553148148148146
