34.83886803772553
34.49787830194662
33.01738359698433
37.06710599917776
35.60809068473757
34.16025671483161
33.890521152370084
35.55953362338576
35.52207244940595
36.71628499519218
35.50021307417172
34.33245996172339
35.39723011621668
32.96173198129361
32.59964093679647
36.50832053298343
35.954519934355076
34.937643115451536
36.79219490896257
37.291659395656495
35.54730922350935
37.33818041682999
32.75024789637323
32.043823807074524
34.30811436997835
36.455726675069016
33.986461171117895
33.27093426864072
37.72720330653339
33.91976229081893
37.85158727495511
33.065397324264026
36.99393238452434
37.73683714121301
33.90751817692159
36.0693366049263
37.72081080610191
34.669322534449115
35.07808979908471
33.294679204528215
36.841286223023644
36.06427890267678
34.37390649568781
36.69849159874327
35.14778726423841
37.548384165681085
32.530990072523906
35.680388043487774
37.963961838347856
33.85910089105168
34.98121790090562
35.51356514943539
34.370262879764184
35.14350769279993
35.60018790012916
34.66017780111424
36.62721433684447
39.13726001208238
37.10777670579181
36.4000193914325
33.35924275235611
39.015283909562534
39.39520665590514
36.73823988828734
35.84668608419412
37.15174928479892
38.642242587131655
33.59907943031908
34.82802147853156
33.672699558995774
35.042985651950495
37.267522560810576
37.73650950937595
35.91789564050856
39.30671752014311
35.30026169323799
37.05899428764679
34.04070548761026
36.82024843398224
38.27100263414059
36.85030079975906
32.99766998196064
36.02001404776368
33.384454647816696
35.47410007092464
34.28280444418772
36.47705668890849
36.512869479704214
34.89455054371884
38.32088843196708
35.208594423355635
37.78209003928974
38.286704003896126
33.832359019562205
33.87119112504627
37.22716702578424
37.21387309803099
34.71730018922551
36.075516188084606
36.48812219033217
36.19928283374768
38.127994724011366
38.621026417626965
35.200695791543325
35.9331549314499
39.53335824672368
37.043351753960906
37.34618450161697
38.509289696547214
37.65522929357446
35.67607791258588
38.15217753724168
40.49268141425758
39.42949095350983
37.52959107606523
36.10340093694345
38.12291767459053
33.91570540119277
37.04409941760491
35.26785891373457
35.42688894258902
37.85074524027456
35.51259594114023
37.75851284818156
34.818522105335866
34.49233878813066
37.28834614531497
38.02200946523497
34.511129461552926
34.0991633348617
39.30317630096795
35.9665912366163
36.806124597292836
38.09791279397915
37.778101641073434
37.18741008823403
37.575358763177505
36.346506019364824
39.35051717208858
35.67087931652138
39.1670492622219
39.273390412844776
36.25074548931218
39.541882080445056
37.41948529490788
34.257432158925404
37.608547108972715
36.57820136279097
37.511961701888865
35.487648753341794
37.451962708082334
38.03261961745324
37.943510318455296
36.41220872726788
36.78908267018509
34.9488167326834
36.95384056264671
34.44684721517967
33.43171369580741
34.96788084717991
39.020849241527735
37.46254095304995
36.116296774280876
35.8823024945051
36.963589348645385
38.494351378419154
36.24897881063361
36.831668990406044
37.84569649565541
37.15706621636331
37.80310839786728
35.09726888332295
38.756131085619906
38.083444200772476
37.86283160685646
39.227324579982586
36.520639263225505
36.614525404786086
37.6994239711584
33.880166977695104
35.469541867698574
41.922750656914786
34.617162706119316
39.24902876679188
37.212315459724294
36.61730895421804
35.46216329956364
36.92585331591988
35.651958192988566
35.515748059484125
36.13677940232173
39.85788959725745
37.16810808773072
34.558217093117385
36.42196509686104
35.885958175106786
37.002180369315425
39.45475906872998
35.65809229049271
33.82408722020293
38.692455933222426
36.19220218063968
38.706861932268666
36.60838370231022
34.015194202636586
39.87062915924171
38.35374969273447
33.15425250835783
37.057851472278706
36.15923807360614
37.22420249425934
40.180999586093854
36.80375025888539
37.3746853798458
38.33029057661347
37.52353025630389
33.660782159007034
38.56343223290693
34.649974386978485
39.21197625733521
35.18108154121651
34.695539197108346
37.4665048161137
34.916763084976154
34.06847393579791
32.399086616979226
36.34768585708618
37.07350397097653
38.257790289569925
36.82277407208887
41.706953692272315
33.66025152262472
36.779729736428656
35.99556931671473
36.542599519706656
32.849199209433316
36.29701043372008
37.80334151357433
36.51032826080722
36.824517413131716
39.89628385095794
35.85258688643538
35.311014643781746
30.96107854071793
36.542408648561825
34.325342084090785
35.917696470189185
35.20292033996544
32.36972829203017
38.28484148206566
39.57708613192235
37.1229621947691
38.52715456306482
34.89510460598809
36.76380058593212
35.68327129987432
36.79699120062985
36.07019581045637
36.67076906539912
40.711957312236414
38.615706983237914
38.830835089122566
37.83314456939596
36.243377617909005
36.11388254832167
36.41117420036267
37.14702075883845
32.991479674434586
36.253052459247456
37.90781519786892
39.40235746977093
36.75939419035642
37.57586304817554
37.565038384475656
39.977787821102396
34.88670637820072
40.91250722943069
37.463977897666936
37.8382749755924
39.78926361464741
34.85064246063298
38.10586011541839
38.42473330145518
37.0516830582291
36.99993083786434
38.39215454485337
35.08723812001275
37.837768664711525
38.0706786693702
36.93274284683013
40.23925618984947
39.99974195379687
34.861002601385735
40.46930317042734
36.90630206476474
35.15483539339653
32.54946921352911
37.0768662881014
38.25820596565735
36.662514895613
36.19684667869791
41.674873820898576
37.948497051974726
38.326509249029364
35.63623212574012
37.67905350202878
37.249344292385935
38.718049108471746
40.64165551924417
35.8818657478356
40.190428648349034
33.95475942625386
37.07371614419481
36.95250267915118
35.08814797615456
36.63051602103113
37.14192572419186
33.80151373184259
36.58465774409052
35.39121859879449
36.972924792574574
39.20173344006276
35.59604556706114
43.240887837449264
40.05240761230595
38.19915958350247
34.25341225160272
40.14560733633811
37.420428104989284
37.29094034245705
34.95410442394073
37.971493218396674
37.619957681954794
36.642145941653325
38.614860270014056
40.265268755018624
38.94749455521643
40.33016115706337
37.507045725315905
41.08689583285905
38.57312924728565
35.08371398886316
35.875190270243905
37.949812444249716
38.34228806590952
35.07112932800708
36.51840186019463
38.766503758223394
35.51842172370068
41.214762637385704
35.49921406650351
37.507658162170834
40.62389858140269
38.22848358381987
35.78090607883506
36.480320761205284
39.84744252916152
32.853624746897886
39.66565339248518
33.93647667950297
37.67065548671987
38.34342375028674
35.17395722504022
40.134389313888235
40.66189421983242
33.77018094171949
37.04153219933681
38.05641834457096
38.75964948913698
41.29262702972425
38.07664121376758
37.00708428443766
36.25637726571998
37.63303559201136
31.342887935532033
36.82904002323419
39.757661936680535
36.90140750134759
37.82233359059493
34.282881495975126
37.564537783321086
36.992811183496144
37.72406538550428
36.87578319152039
40.533082780682115
37.39449878428474
35.623758296073774
39.81347108509432
36.52946303936375
36.3642386890356
34.71490724221512
35.77216801358046
35.356488744395925
38.85797043853193
36.39542696064105
36.52227540366302
37.97526516261292
41.57323945053836
43.280647427711585
35.539020624898896
34.122528980438084
33.80324293448304
37.590169722481285
36.47731036598804
38.30400707846707
36.795278442509854
33.833770072223636
40.10915673028969
33.0644192688015
35.22594444679625
34.149630011209595
35.023397041315306
38.7741019759445
36.08278132065452
35.73297397942714
36.12404682547425
33.85054221605718
38.94818297258223
38.65463152341991
37.14613994847192
37.39182879969603
38.14794198377904
43.55861624500975
38.75554416339135
33.812365152683434
36.031853840322334
38.99085280160058
36.811864740357414
37.12711097439884
32.53393323520012
38.77176052204451
36.71462165031706
31.574471136771592
37.88869207477592
37.34466116376419
34.437828859133276
34.305846003775855
38.91563640907497
37.422495157533206
35.305494986425515
36.15011531932889
38.31528628928844
37.31735502105786
32.72966832915333
33.47563164840746
35.44826278873003
28.569987573927502
34.78816125553084
36.90654462029674
34.54111873150368
36.93616142314665
29.41661680762758
34.10148223793572
40.30492958385144
33.71625911003021
32.015644498498716
37.0269570441063
32.33746922897562
35.205012104610276
33.796331747179856
28.626988003859093
35.19511374853503
37.297162986688186
35.98960471949
35.74282094001633
34.90945631937817
35.01621713420082
34.55648804956445
35.540136634552546
37.087132278047285
37.519447142647046
36.45723524120442
41.05296210901404
35.78143801725027
34.59343506235184
33.46014437912965
28.25974055275213
38.20054027279824
37.99497342728303
33.66657125354868
28.55059882790151
35.72460776893816
40.24498913434286
38.277817463440954
35.31296669826783
31.117446102624452
34.20930507641607
29.084717790299695
32.55352077036916
27.02117735370667
31.68396183263342
33.41208183023929
32.27387249115019
29.533175140260944
32.14314434524861
35.89294488936727
33.398917872561256
37.69621469430931
35.457042073915545
31.842745778210087
