-63774.0
-86394.0
-80327.0
-64377.0
-61167.0
-83957.0
-78568.0
-77664.0
-61793.0
-71441.0
-67914.0
-62002.0
-75033.0
-80802.0
-73340.0
-65277.0
-74893.0
-76725.0
-58269.0
-77062.0
-79664.0
-59868.0
-84677.0
-75978.0
-62437.0
-53079.0
-67318.0
-67505.0
-55885.0
-64735.0
-63172.0
-68750.0
-70547.0
-80623.0
-64988.0
-83355.0
-64017.0
-62551.0
-62062.0
-89390.0
-68364.0
-67187.0
-59702.0
-71158.0
-58600.0
-75393.0
-84249.0
-66676.0
-62788.0
-58365.0
-62547.0
-63171.0
-74215.0
-78938.0
-74817.0
-69725.0
-74864.0
-59456.0
-57199.0
-64684.0
-91489.0
-55811.0
-60408.0
-66777.0
-61371.0
-55414.0
-59821.0
-76798.0
-70458.0
-69339.0
-65899.0
-61164.0
-65546.0
-52326.0
-56653.0
-65169.0
-56292.0
-74067.0
-72008.0
-64080.0
-62805.0
-74811.0
-64946.0
-72073.0
-61864.0
-75883.0
-74745.0
-58845.0
-60396.0
-58832.0
-67227.0
-63933.0
-56980.0
-73121.0
-74005.0
-59853.0
-53557.0
-56150.0
-70923.0
-58168.0
-51925.0
-71559.0
-57497.0
-58598.0
-62966.0
-62977.0
-62704.0
-57371.0
-49388.0
-74325.0
-66433.0
-53386.0
-56583.0
-48479.0
-70842.0
-64956.0
-47521.0
-71834.0
-50253.0
-64612.0
-60540.0
-48483.0
-56103.0
-57702.0
-62065.0
-60505.0
-54899.0
-45280.0
-75473.0
-69860.0
-45485.0
-73087.0
-62643.0
-47740.0
-53632.0
-60293.0
-59309.0
-55159.0
-52227.0
-50319.0
-69782.0
-46964.0
-49501.0
-44895.0
-50601.0
-58943.0
-49113.0
-60954.0
-63042.0
-61656.0
-42615.0
-46226.0
-55444.0
-52366.0
-48255.0
-64709.0
-64583.0
-61495.0
-61051.0
-58961.0
-66392.0
-58691.0
-54768.0
-59048.0
-49588.0
-46968.0
-55801.0
-61306.0
-53810.0
-62063.0
-54596.0
-47909.0
-53372.0
-70225.0
-54574.0
-42150.0
-49648.0
-67294.0
-64491.0
-65990.0
-76307.0
-63913.0
-53260.0
-64913.0
-55794.0
-50893.0
-66808.0
-43532.0
-49832.0
-56209.0
-55475.0
-50980.0
-48829.0
-55877.0
-55859.0
-55371.0
-54996.0
-61907.0
-58041.0
-68115.0
-47258.0
-59901.0
-42357.0
-57480.0
-77892.0
-55221.0
-69990.0
-61271.0
-48926.0
-52046.0
-51280.0
-45108.0
-55595.0
-63480.0
-51475.0
-46185.0
-66014.0
-51975.0
-67966.0
-50390.0
-55581.0
-67559.0
-48537.0
-63916.0
-72841.0
-51727.0
-67266.0
-58895.0
-51567.0
-55226.0
-43402.0
-50865.0
-46350.0
-52096.0
-47767.0
-64971.0
-57376.0
-62527.0
-55346.0
-69000.0
-41737.0
-47819.0
-64558.0
-80769.0
-73236.0
-58700.0
-55458.0
-57607.0
-64604.0
-60076.0
-42979.0
-55261.0
-47557.0
-62054.0
-58269.0
-58351.0
-63595.0
-55502.0
-73215.0
-34301.0
-41202.0
-46316.0
-56680.0
-52042.0
-55601.0
-57380.0
-43928.0
-59898.0
-47738.0
-48834.0
-43226.0
-67894.0
-31355.0
-47200.0
-44336.0
-54769.0
-53788.0
-34006.0
-39757.0
-47621.0
-71796.0
-36288.0
-39990.0
-53305.0
-58939.0
-42590.0
-65775.0
-54008.0
-51073.0
-56124.0
-40561.0
-35825.0
-61371.0
-30687.0
-51400.0
-54793.0
-60710.0
-51502.0
-49208.0
-67299.0
-62955.0
-36760.0
-56478.0
-46415.0
-63673.0
-65915.0
-72605.0
-64285.0
-40305.0
-61625.0
-39549.0
-68061.0
-73457.0
-52648.0
-50043.0
-67489.0
-72103.0
-55883.0
-51192.0
-50309.0
-58391.0
-47500.0
-62034.0
-42022.0
-47793.0
-45637.0
-65691.0
-37078.0
-40951.0
-53103.0
-59669.0
-49867.0
-43246.0
-63585.0
-51466.0
-46338.0
-43707.0
-39050.0
-52783.0
-36464.0
-44446.0
-49662.0
-42552.0
-63149.0
-32831.0
-42582.0
-58319.0
-62104.0
-57115.0
-43944.0
-49458.0
-47885.0
-58604.0
-62085.0
-73605.0
-43506.0
-43525.0
-59664.0
-51612.0
-57879.0
-53198.0
-42215.0
-55365.0
-35925.0
-54541.0
-60345.0
-53686.0
-51431.0
-75224.0
-57764.0
-49230.0
-43018.0
-52902.0
-56114.0
-64293.0
-50170.0
-36644.0
-60913.0
-45736.0
-64235.0
-38433.0
-48240.0
-43718.0
-43012.0
-55294.0
-46395.0
-49637.0
-44528.0
-54619.0
-37340.0
-60272.0
-55554.0
-63933.0
-38206.0
-47273.0
-81003.0
-52936.0
-48807.0
-48892.0
-49145.0
-63624.0
-60941.0
-47263.0
-47370.0
-54553.0
-56632.0
-69349.0
-34541.0
-56519.0
-61370.0
-74129.0
-60948.0
-42391.0
-54700.0
-52055.0
-52110.0
-55907.0
-39615.0
-38741.0
-58069.0
-46625.0
-31697.0
-59442.0
-36564.0
-43228.0
-45179.0
-34975.0
-41320.0
-56077.0
-47196.0
-58193.0
-40313.0
-48914.0
-49587.0
-34274.0
-73294.0
-47562.0
-46934.0
-35944.0
-51310.0
-53239.0
-62476.0
-42427.0
-69401.0
-48632.0
-49581.0
-63309.0
-59298.0
-43812.0
-49147.0
-60344.0
-46209.0
-51630.0
-58573.0
-57418.0
-59954.0
-49559.0
-56889.0
-48359.0
-56815.0
-56433.0
-63572.0
-48890.0
-44672.0
-70379.0
-48859.0
-36567.0
-47951.0
-47213.0
-48427.0
-43943.0
-59084.0
-57899.0
-46398.0
-39499.0
-45650.0
-73107.0
-47096.0
-48333.0
-54403.0
-54049.0
-53563.0
-39468.0
-42299.0
-33465.0
-41583.0
-56099.0
-62181.0
-48309.0
-44406.0
-61462.0
-37687.0
-54713.0
-72222.0
-35980.0
-64421.0
-55247.0
-39364.0
-46699.0
-62329.0
