5779344468718.766
6287715853680.715
6449037798698.661
5587354580010.085
5865980820714.249
6187163869844.684
6153846050036.412
5690803083957.684
6011498022222.224
5608474513246.902
6562190502570.668
5713544475897.883
6081825685134.015
6564156836365.709
5791075370280.694
5043371677411.365
5852443690826.622
6042143518177.514
4670725535610.777
5529879412967.115
5782709938625.596
5528997524240.243
7139372187316.177
5801127495919.812
6032249577780.097
5594398393168.224
5574905240215.133
5539449284408.425
4855181399745.225
5432929168082.021
4669285219454.196
6820899345628.556
5136135726709.74
5780711428773.389
6313604696557.6875
6847345998146.976
5410519063166.662
5932968824388.115
5822581899084.857
7272079900606.642
5942933866202.398
5350900403633.24
5964230384436.062
5958503363352.06
6010293696727.628
6061198425427.684
7134780490240.76
5887528098792.378
4991804298612.514
5674607995148.847
6080274051229.666
6105632281506.562
6166232703002.551
6282851044100.321
6919410213502.683
6389546732931.626
7086827941101.527
4700679239864.806
5732822376868.878
6037604787365.271
7065576220717.391
4847064055709.776
5550817286689.125
5242687239470.5
5722159238452.896
5337584663074.568
5800540417716.184
6795865266936.02
5910968979446.715
6292465946285.088
5944807291360.859
5519925433987.759
5603621157902.6455
5377414764238.75
4846238336315.791
5972565839044.452
4786355398741.4
6909272979042.402
6035473772865.514
5362089272915.14
6284367159258.954
6771913882001.334
5421750965797.12
6430597055858.387
5788452496212.198
7114997121524.451
6932677139459.084
5787163932807.604
5664331365980.034
5078799628042.031
5370124174214.79
5439970791083.577
5310811911657.764
7447126005156.818
6262640606596.477
5174217045475.83
4978674042113.736
5900035222775.44
6739340381186.673
6009163192912.738
5254410636059.088
6570048196843.895
5082938541577.082
5812021566857.104
6585586865751.587
5764080660605.221
5582436960497.403
5569570468463.89
4830625585911.442
6703510702930.774
5503120180787.611
5468012300196.584
4764160864617.759
4635364875897.426
6733271284482.621
5703942404186.384
5127056986648.866
6347721390864.26
5242619783697.661
6029168023676.58
5733627107473.005
4897421423705.742
5586095008986.719
5281714234490.62
6322336655317.198
6008231774819.719
5652871910049.027
4846519789629.194
7352117838502.498
5520340283395.145
4606355147699.147
7104351462409.65
5909252117077.115
4889376142688.678
5193109244162.507
4788956101233.635
5272854241410.969
5837546400290.191
4636770679815.068
5175006036179.794
6430065020623.99
4944566008978.949
5500567835522.802
4878464186633.726
5565474166966.037
6265772090729.972
5706780011216.457
6111320099713.543
5406919875873.36
5655966655980.156
4831712117580.661
4601104733372.809
5042567766190.712
5189939263720.192
5236913565741.342
6109411208565.401
5685504478769.816
5779314684251.556
5950843607719.702
6305657464441.201
6003944068468.974
5869680485022.866
5424685260032.497
5296790374684.923
5168189738683.532
4941740344630.873
5221988588554.078
5199683304434.113
5130547152404.071
5519041733407.137
5150527104749.159
5207970509061.741
4966272859959.52
6904475097671.692
5727352125655.048
4564212711158.496
4748276554180.381
6790318026933.387
6837117659526.149
5796859239163.258
7181942706265.809
5959648019237.373
5167409512594.02
6173309471160.477
5266329198585.107
5579624857661.832
6047855161790.044
5587081849558.974
5656661389941.745
5410091782862.071
5505173376477.247
5262754363642.943
5176360549964.383
5992338971491.497
6034135481939.214
5873248422049.891
5494027833886.427
6501393083092.3125
5410377472110.492
6313120471361.676
4826354918162.705
5695268779615.645
4639465369163.22
5359584962533.858
7331030021050.892
5307045714196.396
6464969381251.82
6437614133131.493
4868353366286.622
5631765591689.747
5090028598086.266
4582786706419.672
5281815757309.728
6189754033681.882
5145447971460.549
5379173751536.861
6502859392963.498
5271832532190.711
6410749189846.079
5133178814386.239
5516554937603.599
6091303856875.703
5255797872178.706
6291915260714.351
7322061282203.717
5381618560224.338
7096976185188.515
5150183568318.594
5252658106440.209
5718780392580.627
4475697098310.985
5839520128946.032
5291477681877.54
5265529332241.128
5224595258843.686
6321760989671.94
5687083089092.753
5085425756668.264
5704376132355.701
6857302868008.401
4620944988207.662
5390139035575.268
6331255563705.164
7181475184776.422
7188667599250.628
5916136256104.675
5676932369966.103
5922319240304.282
6441440840856.666
5094887640759.044
5050427445840.77
4941253860099.808
4962069350838.926
6513281854270.763
5758146605765.419
5770316179500.43
6534414123418.607
5394271744702.202
6709949948377.2
4184047943475.5596
5089363658867.266
4875983118155.104
5454920265067.0
5424890677675.272
5595087781692.793
5436979159154.781
4964598575007.925
5880333556460.2705
5072652334185.092
4773908294519.791
4395516664786.575
7050888375902.908
4247730217135.1836
4674345071469.892
5038369921805.897
5871546828259.478
5703556533312.208
4170353597611.8726
4746417102333.272
5049964903910.249
6958605050232.85
4343595346078.6235
5041907054816.4
5129204507688.138
5692572615318.773
4577873245078.5
6358981518592.063
5202978527437.172
4896800238274.494
5474640097264.264
4824546669858.557
4373968401540.4917
6323202203942.586
3840666467804.242
5520540216257.397
5547363772152.108
5842106772076.631
5412039471224.733
5533655703872.156
5859273582043.421
5989494873238.982
3797953956805.935
5890255698094.726
5015500362652.145
6241899890997.24
6704202487265.447
7225900437513.979
5269072506872.324
4426615463111.216
5526758647025.367
4250100820364.085
6271064814102.104
7255260027718.763
5467881880589.285
5731253232705.3545
6907964055321.416
6313190216433.879
5804157860782.759
4919518495258.89
5786070159124.689
5717207112116.681
4732067903937.561
6365951745641.856
5153298578829.969
4711058063748.0625
4527992003539.027
6213769192409.28
4220883795715.317
4656486584829.509
5361202014456.673
6229203948100.068
5285929691252.567
4714363794503.659
5680311862619.319
5009435212159.135
4480278340960.855
4650497329007.761
4366271526049.6274
5399189139092.161
4121669246055.0996
5024195513005.624
5810977621988.7
5132034002064.596
6269552236780.327
4123278501766.759
4971829190659.114
5280983424799.346
6524967009334.352
6050471753355.304
4540873980079.315
5261146746430.562
5162369693872.886
5952808433892.209
5197399259107.215
7050260894032.606
4958014111769.227
4942947682292.915
5709869545442.679
5572324341716.541
6448368510697.551
5399057298021.426
4697694432960.716
5944540626203.184
4452483184137.381
5682029740602.61
5940642313512.166
5635311218676.727
4856215019187.021
6371409463665.015
5950350391986.549
4693109440083.398
4953966825737.299
5435259960783.982
5888044521494.935
6592167531553.049
5666095983089.69
4329345226910.5596
6711917515190.14
5416649085042.939
6006165894091.114
5114412837385.363
5594009626479.156
4882488836899.684
5064641225102.956
6325740779527.539
5084113828883.089
5467114219789.692
4590293606209.792
5507528864837.779
4569600584532.164
5456343294559.5
5781706170746.89
5898185026866.574
4530777557533.778
5448328998080.563
7129473261501.063
5198661669391.118
5714227234110.178
5765697793141.261
5192454012166.509
6059446222610.893
6171371875748.227
5095637089046.167
5064787721141.493
6256124213123.815
5385196539662.1455
5905983515919.752
4290078811327.989
5899290669143.6045
6279410602964.688
7253859102764.715
5987518791784.588
4962176656511.504
5639962198600.881
5012872777794.8
4785567419156.094
5986528481999.884
4693150457885.027
4313056059505.302
6205543089288.966
5263976361022.503
3957109383917.26
5979031485194.535
4309511644543.7524
5056565946775.865
5614570826471.409
4581917248439.363
4465607478832.012
5909299515860.697
5498354149773.333
5576133288369.596
4468124549507.675
5218221648674.271
5307768750179.078
4578053810757.296
6456735530252.39
5121919271320.002
5231059338452.869
4577807811996.191
5316252214470.595
5431410679722.436
6128916288420.972
4937099467563.122
7078679928737.187
5628985164918.999
5002325797292.88
6817722378644.7295
5502209920301.122
4792682829955.146
5336353173104.277
5826375418966.709
4941521968404.065
5248459483968.508
6163326263647.629
5889873260571.298
6162007166739.492
5120666058406.304
5945954212629.527
5283521138027.1455
5565740537535.923
5839997444996.215
6337462001610.34
4657644493718.923
4808584295867.174
6623527678342.676
4967246247866.088
4748763756315.923
4617176877845.91
5093629073582.4
5315084205133.656
4912524012955.2295
6488693856083.549
5685198581158.716
4924376398484.6875
4406898616300.41
5178299073902.175
6695169455330.557
5113014905841.179
5190785851398.305
5906204395110.451
5099971609858.678
5025222024030.794
3915862354708.1167
4730594513182.518
4148722127663.3384
4592245092127.748
5836461813592.816
5874584654022.158
5615707542168.111
4588931559580.092
6515823676630.88
4840187918358.07
6188704174510.643
6559979632823.453
4265275224014.9243
5948497537576.335
5701606895978.164
4519355034958.693
4610056515612.052
6543381747219.543
