57027666.0
95136456.0
95037971.0
65513344.0
58255037.0
75559593.0
71881716.0
79973375.0
72727034.0
66300346.0
77079074.0
55320303.0
74281680.0
79238146.0
71463772.0
56274181.0
72017900.0
72143683.0
55386310.0
74706136.0
71742972.0
55746176.0
97976175.0
66786712.0
73636425.0
56928871.0
64428036.0
72583633.0
51200601.0
65340879.0
63946640.0
81191661.0
71390250.0
68323456.0
76399584.0
95817592.0
68086158.0
61039805.0
73605022.0
100532984.0
71213067.0
73121479.0
65509588.0
76191225.0
65137468.0
79228547.0
89747203.0
65346293.0
57335020.0
71048690.0
62061699.0
66162799.0
67686780.0
81136918.0
83520750.0
69675622.0
88885022.0
53353569.0
51950111.0
62856431.0
95488646.0
46789731.0
59685124.0
52710630.0
63334868.0
53716429.0
63985466.0
86529973.0
70911625.0
80709734.0
71090658.0
54976450.0
54515855.0
54816021.0
66575616.0
68160928.0
41435759.0
80849742.0
65586701.0
57855978.0
69463440.0
82968473.0
60871676.0
76988784.0
57056714.0
89547701.0
86205211.0
55749780.0
57953968.0
48761861.0
58902124.0
54479972.0
50540266.0
92039229.0
68771099.0
61201489.0
48335277.0
64324406.0
77357728.0
66326245.0
50798714.0
81721778.0
46873378.0
57795558.0
78908481.0
57653033.0
55296034.0
53217425.0
42509886.0
79811368.0
53493256.0
51089293.0
48567022.0
38237206.0
81044433.0
63917517.0
51095244.0
72733368.0
59187793.0
63896261.0
56939863.0
43920903.0
61243133.0
50109553.0
78639879.0
61297639.0
59872855.0
44483163.0
79793153.0
62705207.0
47329239.0
95596107.0
61625953.0
41876154.0
45478221.0
50230519.0
56969145.0
66144074.0
47946811.0
51796608.0
67706916.0
37459277.0
42845480.0
43491081.0
70727601.0
72039071.0
58155665.0
60966822.0
66511028.0
70341057.0
38409526.0
39187486.0
58074967.0
56442384.0
49969077.0
73947302.0
65828823.0
70275542.0
70465992.0
72379829.0
61840056.0
58947550.0
62935173.0
53948605.0
44015928.0
41110755.0
59305794.0
48084704.0
57947581.0
51947047.0
67247941.0
50478680.0
46608754.0
88269236.0
54379672.0
37416051.0
43000704.0
75543583.0
75082931.0
81154021.0
100212591.0
68319091.0
48335275.0
75606494.0
45885152.0
55422702.0
69107969.0
54361635.0
55733401.0
53242987.0
55093068.0
46828678.0
54539171.0
62240180.0
73548481.0
58435361.0
61655164.0
70453312.0
66270544.0
78444401.0
41365527.0
64249812.0
38295299.0
56475647.0
100604823.0
50377208.0
77721922.0
73473102.0
44973949.0
59223152.0
48186963.0
33176942.0
52195735.0
74809399.0
53845623.0
48696626.0
90919167.0
61180167.0
85834006.0
64197846.0
53576549.0
69095393.0
56085083.0
84409838.0
106569191.0
59195918.0
94658808.0
57575033.0
47969565.0
53444288.0
34660921.0
70819006.0
61328652.0
55066602.0
53233075.0
73864004.0
67523189.0
53331344.0
61893593.0
78150858.0
37437334.0
58680061.0
80313985.0
92319759.0
95358427.0
63555664.0
52169687.0
65192600.0
79149375.0
56355464.0
49919753.0
51363677.0
41089089.0
80195362.0
61357471.0
69399709.0
83906028.0
54031834.0
78682726.0
28182931.0
42611502.0
39179819.0
53340463.0
50432662.0
57937207.0
58150439.0
49997879.0
66770078.0
57277523.0
43038620.0
32838526.0
105013463.0
30034660.0
39228801.0
43444818.0
74585027.0
57206745.0
37671799.0
41213763.0
49470113.0
101206317.0
30271544.0
48120066.0
53997563.0
63458089.0
43488833.0
82599483.0
56150790.0
43584657.0
53401586.0
44322514.0
30644989.0
69421558.0
26859941.0
53741159.0
70800584.0
78722241.0
48731109.0
49202703.0
71303952.0
69959847.0
25567627.0
67875569.0
55331438.0
80065595.0
82920037.0
101509526.0
63564809.0
36258460.0
74736364.0
42000363.0
67304787.0
97211803.0
54693886.0
63707620.0
77679821.0
83471398.0
57295189.0
49589786.0
61336412.0
77003704.0
51404270.0
72208296.0
52829278.0
34706270.0
39318561.0
73972324.0
38162774.0
42348534.0
49899956.0
79696131.0
59957310.0
46197157.0
68798624.0
53973119.0
35971249.0
38460415.0
30611259.0
61969992.0
32490707.0
38756725.0
68785239.0
49425964.0
95744512.0
29026703.0
43868078.0
52751583.0
76655975.0
72729814.0
39934971.0
43032977.0
48325734.0
67771556.0
49725924.0
99322967.0
51393274.0
48864563.0
89463191.0
51517291.0
75131926.0
56773152.0
46772147.0
60145490.0
40223224.0
65754312.0
60377361.0
53406337.0
54337940.0
75884749.0
74910771.0
39820641.0
51078048.0
89201923.0
70197145.0
74347927.0
51436381.0
36778624.0
82209485.0
54337193.0
65561525.0
43343363.0
52205100.0
42395281.0
46645343.0
69541971.0
50913246.0
57237216.0
44488003.0
50774393.0
39608779.0
57221372.0
58727186.0
68578171.0
36216444.0
51409170.0
98194605.0
48103331.0
60021657.0
59160641.0
49030099.0
79665542.0
92118263.0
44750745.0
54494165.0
74708166.0
52576879.0
67754920.0
33674949.0
79297703.0
69842226.0
118703269.0
63416448.0
42322260.0
69080402.0
68008200.0
40630425.0
74840960.0
45236921.0
37696548.0
72102902.0
46328018.0
28561571.0
72472618.0
32785587.0
45749245.0
61280726.0
48240662.0
39851236.0
71326105.0
69572059.0
69972068.0
33581722.0
61861029.0
52958399.0
42026684.0
86498515.0
47088030.0
52936135.0
45074048.0
51488661.0
75149461.0
70554965.0
43634480.0
105609751.0
50918206.0
50076130.0
96061700.0
59997005.0
43535197.0
52036194.0
71468980.0
42941899.0
62976619.0
77646612.0
80286542.0
73644681.0
42407040.0
70635929.0
73253304.0
57320160.0
71628256.0
94653755.0
49958642.0
41132864.0
87395484.0
49214184.0
37343609.0
43295208.0
49731567.0
52594955.0
45922169.0
76308732.0
71849582.0
50173492.0
37322489.0
52922039.0
96342227.0
40372546.0
47216963.0
71343804.0
70361040.0
49551028.0
26055373.0
43856736.0
41075124.0
36209702.0
58402513.0
62297370.0
55369043.0
41001285.0
84507506.0
51998377.0
64688842.0
100392264.0
34013626.0
74201836.0
76429895.0
41257306.0
36088347.0
83398562.0
