6629984776218.388
6458580999962.751
5705169820696.079
5300961557519.835
6483308821276.786
6218002919897.223
6104809629600.31
5244389563748.94
6112507251948.024
6262097703291.087
6417729739032.826
5884189475868.529
6346270036477.583
5843566710683.737
5888175006562.343
5655396756347.417
5595880435818.147
6045617906664.063
5680395269088.121
5685292772229.265
6432343105947.796
6259485849974.478
7505035142462.296
6071511454786.649
5332029125861.927
5762725957544.392
6627087566230.6045
5356909771804.285
5561253090236.436
5246312476202.073
6105561678533.261
5366718236898.164
5739152433927.133
5570642336941.006
5470869783583.3125
6724040554231.824
5448806984185.812
5424191145422.523
5810983652468.65
6896823190833.434
5558307109723.941
4267442171149.0674
5627513355046.066
5544821889857.286
5260911379534.417
5324071507212.255
5004811816790.454
5213373247050.162
5807796707439.008
4765195399397.374
5856302511169.093
5834176363682.064
5286860688208.24
6352329144223.727
7232248412763.925
5748024067302.86
6170942374485.915
5634636752115.11
5781081958588.541
5880741082462.929
5984173997325.598
5700612055942.473
5875322976607.426
5280304076231.917
5588444457181.116
6620276795185.092
5894585605883.559
5789367624760.692
5578830419090.412
5971889872283.083
5889245112055.423
4648133172528.14
5177805840049.057
5659355678251.438
5328124458751.729
5410555844988.016
5384048624280.734
6157830112519.681
6276213246673.584
5071802672873.927
6473217322837.948
5333969581801.101
5733267583906.072
6568707908899.979
5705470583981.58
6504141120648.25
7184125311180.478
5933987673876.663
5704279555039.275
4645466294669.13
5452164416150.638
5207311800575.714
5294831531887.527
7187008418313.276
6105969806890.029
5707338276836.067
5213453222193.1045
5150050046196.6
6333961597573.966
5285276205572.416
5731993132435.756
7430416042571.722
5506852176524.952
5395032196135.556
5798217904211.559
5620373379192.627
5605761396642.517
4965580254068.847
4900508089850.331
6575356499316.077
5471446585751.8125
5654777108703.458
5992390535398.535
5417733389269.499
6994047641159.864
5256966568684.648
5208468221284.642
6417427770530.879
4999252383747.209
4515168918190.04
4784685408235.026
5023386728349.994
6146632632920.582
6710332430137.151
5553717148294.789
6438728768984.106
5628331174141.898
5876995549161.042
6302621868885.8955
6176383597407.849
4896501122738.771
7142265712314.47
5935560990111.577
5462791008500.185
5731255463070.423
5016648581356.343
6102288535390.745
5020846727204.917
5423476663404.787
4552175422907.497
6762163131392.035
5244748196184.747
5186641654368.616
5725746294236.446
6380047840230.248
6348075928482.93
5399515807955.759
6404481772705.473
4905831286688.064
5411132997904.672
5984572559449.278
4364784419743.781
5029754073014.378
4431814574197.602
4894604200044.14
4936727033059.264
5171611555423.483
5960053169023.391
5719826594012.939
5419199605620.419
7322897559073.323
5920471187987.823
4614762588326.471
5246882252946.768
5630596262357.039
4686247601784.583
5288938535238.769
6469636496782.434
5356002829355.5
5530796529313.026
5181153756291.237
5199516522067.237
5049284087929.313
6439797998794.98
4761390627766.576
5727094733855.646
5528776848618.419
6603865287339.618
7174209235727.042
4651462024452.32
6470652943519.35
6827087491102.988
5318220178336.45
7128265941079.508
4345782681122.684
5697334832851.062
5696244511284.405
5725902186499.545
6102119450509.372
5349914350978.883
5615993617113.952
6153238176896.014
4197475947076.2075
5580088538428.879
5274855145009.11
4862133453438.638
4464004664299.363
5607095772353.199
5855685446315.838
6039772649675.031
4613999747257.403
5625928438053.379
5927412315066.18
4405557345675.268
7291968562611.555
5571101015001.804
6362915203274.202
4326118592792.6426
4679345062919.381
5247446387203.831
4460939264089.1875
5284625995295.071
4707481940784.222
6401973750198.419
5334178646439.154
5270974477475.146
5725507743281.541
4789788224248.021
5917939192407.203
4683707968463.771
4969495142977.465
4496496097014.711
4351881588212.424
5171770783473.341
6747877552004.484
4730483271368.82
6444773848288.228
5119275355634.145
6023150110874.894
6264661902521.334
5175222843406.927
5074970798956.334
4999781817521.507
4961196800181.573
5273714602452.102
4670690123824.205
5346805979874.638
6003116127530.117
5548338010902.404
6580250982723.79
4866205332979.626
4950004798746.993
4957746325004.511
6109793307027.038
7444064499960.467
4644647051930.597
4887056262757.256
5570434364999.309
4650552524975.4375
4891667942436.002
5257499869220.815
4946363935246.013
4137047378405.3438
6103145044742.144
5044987926200.164
4075510439210.387
5748441325746.337
3888973997555.3574
6544456967295.235
5159843721329.568
5430719194190.826
5422816497105.11
4443123737000.239
4727315473874.849
5412395712892.155
4936594907069.046
4521974861850.8125
5896704937742.382
5855925886763.216
5296093804960.465
5155885580832.022
7111653347380.183
5175375820459.063
4544472569385.413
5173327067375.35
4750306531517.396
7148049649334.035
3967833644619.453
4967720947144.959
4829808485814.317
7459576820555.548
4954236298982.701
4248819856553.846
4354529575635.349
5208779658742.209
4754175049978.335
5143396095479.206
5283121608829.64
5439789496649.487
5658694462031.313
5012952351097.5625
4953553614070.962
5958430768219.821
4083315670659.541
4048180423281.3916
5064328404735.026
4106536965889.765
5321493408535.802
4718058922072.171
5621146039396.415
