-92433.0
-78199.0
-62597.0
-57892.0
-81157.0
-81884.0
-76624.0
-59178.0
-67225.0
-78179.0
-84332.0
-65935.0
-71781.0
-70575.0
-78791.0
-69977.0
-66165.0
-76114.0
-65769.0
-74345.0
-77615.0
-72769.0
-83119.0
-76037.0
-58756.0
-62949.0
-74582.0
-69533.0
-56623.0
-65197.0
-70730.0
-66335.0
-61494.0
-62318.0
-55857.0
-77946.0
-59172.0
-57947.0
-62263.0
-74787.0
-54981.0
-46324.0
-60583.0
-53316.0
-52941.0
-56677.0
-56523.0
-63349.0
-58664.0
-39297.0
-61586.0
-60845.0
-57713.0
-65701.0
-72703.0
-78018.0
-66117.0
-62994.0
-68203.0
-67990.0
-71170.0
-65764.0
-64521.0
-61286.0
-52820.0
-68995.0
-57212.0
-56962.0
-60430.0
-58982.0
-59022.0
-56585.0
-54584.0
-63387.0
-55808.0
-58441.0
-61209.0
-65288.0
-69696.0
-52605.0
-65312.0
-53660.0
-54821.0
-77108.0
-53455.0
-70013.0
-71682.0
-62843.0
-64220.0
-60020.0
-56909.0
-46990.0
-44784.0
-81745.0
-67965.0
-56688.0
-52402.0
-55262.0
-76570.0
-55299.0
-63437.0
-82682.0
-53525.0
-60623.0
-57090.0
-58714.0
-56953.0
-50705.0
-51597.0
-78433.0
-65628.0
-56336.0
-56613.0
-50720.0
-72230.0
-60256.0
-47394.0
-63858.0
-47117.0
-43356.0
-52364.0
-49088.0
-61295.0
-64236.0
-66955.0
-55070.0
-55347.0
-57137.0
-74430.0
-54330.0
-43238.0
-68240.0
-60091.0
-50650.0
-62106.0
-46916.0
-59262.0
-49362.0
-50946.0
-39217.0
-72757.0
-49529.0
-49445.0
-53097.0
-57179.0
-60073.0
-50996.0
-65712.0
-56226.0
-56039.0
-56219.0
-39036.0
-51009.0
-41326.0
-44103.0
-53030.0
-51601.0
-58823.0
-53823.0
-45566.0
-80904.0
-61139.0
-52119.0
-52269.0
-54925.0
-46972.0
-44892.0
-65000.0
-43470.0
-55064.0
-49930.0
-54083.0
-48271.0
-70466.0
-44218.0
-52604.0
-51686.0
-71707.0
-69747.0
-42884.0
-67812.0
-70306.0
-59622.0
-75025.0
-41444.0
-53606.0
-55612.0
-51525.0
-57388.0
-55310.0
-59611.0
-56459.0
-38439.0
-51926.0
-45369.0
-47899.0
-39377.0
-62179.0
-52365.0
-61561.0
-49333.0
-52238.0
-57863.0
-37857.0
-76243.0
-55681.0
-65932.0
-40477.0
-45815.0
-56175.0
-34991.0
-48659.0
-47015.0
-54076.0
-46910.0
-48862.0
-55921.0
-42520.0
-70137.0
-40914.0
-45979.0
-44641.0
-43702.0
-50920.0
-69610.0
-35130.0
-62814.0
-46629.0
-59568.0
-62014.0
-53663.0
-48457.0
-43157.0
-46494.0
-49070.0
-40247.0
-52260.0
-56109.0
-52018.0
-71505.0
-47006.0
-41872.0
-51515.0
-55942.0
-77657.0
-43812.0
-41525.0
-46176.0
-45796.0
-45043.0
-53766.0
-44841.0
-37142.0
-63093.0
-41893.0
-39938.0
-59371.0
-36095.0
-67605.0
-41794.0
-54293.0
-49700.0
-41231.0
-40767.0
-47557.0
-42759.0
-38380.0
-56790.0
-64433.0
-50287.0
-51965.0
-67691.0
-47276.0
-43580.0
-48108.0
-43930.0
-82076.0
-31784.0
-39756.0
-45414.0
-82811.0
-42505.0
-35229.0
-34863.0
-53040.0
-44125.0
-40186.0
-55187.0
-52086.0
-53221.0
-47191.0
-46884.0
-66524.0
-29049.0
-34996.0
-52924.0
-33265.0
-54580.0
-38587.0
-54769.0
