29083089.0
29227952.0
17043811.0
14469342.0
26923561.0
27122461.0
25661444.0
16596611.0
20123207.0
23384880.0
29522007.0
20440317.0
21855714.0
22589885.0
23265987.0
22076310.0
18712002.0
23261440.0
21318152.0
22649082.0
26230753.0
24418547.0
30639672.0
21618833.0
16678523.0
17647931.0
24719783.0
22390846.0
16979764.0
18043076.0
23378655.0
22576333.0
16773319.0
17434372.0
14728076.0
23231587.0
15906693.0
19101763.0
17388619.0
28331466.0
14521878.0
11154709.0
21765210.0
16860683.0
13552950.0
16198589.0
15675835.0
17402645.0
18944221.0
10825912.0
19047616.0
20462997.0
13970608.0
20338621.0
28167356.0
26432612.0
21865981.0
17692892.0
19266306.0
19113624.0
20886063.0
19570071.0
19669504.0
16605548.0
15369647.0
22347689.0
17646823.0
18031944.0
18931776.0
21116583.0
18222600.0
17028833.0
13072189.0
19784642.0
16970689.0
17727462.0
15565708.0
21327547.0
25368379.0
13282401.0
21927613.0
16482280.0
18758717.0
31515286.0
19145409.0
21271976.0
24292271.0
20979696.0
19943699.0
16189012.0
17109046.0
14867880.0
14199703.0
31894958.0
21718450.0
17075309.0
15298462.0
19408468.0
27594226.0
14690366.0
18782511.0
29290954.0
14777014.0
18218582.0
19372034.0
18474753.0
16484489.0
13804315.0
13064723.0
27180315.0
22450131.0
18427718.0
16005834.0
14849956.0
26277728.0
18603944.0
14320932.0
24129722.0
14124464.0
12392616.0
14649604.0
14394183.0
21549481.0
26533800.0
22552738.0
19419852.0
15981702.0
19969174.0
24717144.0
19377456.0
10986572.0
25779646.0
20354644.0
14965135.0
19243811.0
12837600.0
20252691.0
12821543.0
18136161.0
10194643.0
24398568.0
13435031.0
12976818.0
16540490.0
16779295.0
20128383.0
14343048.0
25886978.0
15529483.0
15853967.0
16896628.0
9333160.0
13014030.0
9025329.0
11144152.0
15035504.0
15584932.0
20847110.0
15984921.0
13152066.0
33519464.0
16842026.0
16232759.0
17379175.0
22775490.0
11276346.0
12954670.0
19951990.0
13587030.0
16375741.0
15789760.0
17498857.0
14235337.0
22033327.0
10344970.0
17048983.0
16743405.0
25710758.0
26769910.0
11793870.0
26200266.0
27374281.0
18905368.0
28330268.0
8669578.0
14647339.0
17868158.0
16154919.0
19956929.0
16781065.0
18771300.0
17977307.0
9207991.0
16719852.0
14162444.0
12349237.0
10495970.0
20300931.0
16392055.0
19308868.0
12327337.0
17019608.0
20404419.0
11015226.0
32793958.0
21738000.0
20397647.0
9812747.0
9786146.0
20136023.0
8445049.0
13655240.0
12103963.0
15597416.0
11798264.0
14875330.0
19758478.0
11915439.0
22844309.0
9765760.0
11929523.0
12123763.0
11439201.0
15720732.0
27565659.0
7613421.0
22381364.0
16971056.0
24892864.0
22362538.0
19202225.0
12686695.0
12146264.0
13777695.0
13388673.0
11487523.0
17521223.0
19911625.0
14302253.0
25783967.0
11699513.0
12461337.0
16221471.0
20058412.0
33261196.0
11958873.0
12234427.0
13321199.0
11069658.0
10687269.0
15802549.0
13614754.0
8702353.0
24827097.0
10236477.0
9213041.0
20332332.0
8769886.0
28112093.0
10565535.0
18623785.0
15222297.0
10254507.0
9024964.0
16830120.0
11746265.0
10903193.0
18540329.0
19931034.0
14290516.0
16735988.0
28168316.0
14052842.0
12426055.0
12910489.0
11477569.0
32256835.0
7781057.0
10266893.0
11315684.0
35787160.0
12021472.0
10318308.0
9073824.0
15864410.0
11001458.0
10658875.0
17218471.0
17410036.0
18110981.0
14905622.0
10250813.0
23205003.0
6238392.0
8518908.0
18151523.0
7433981.0
16458066.0
10637520.0
15707286.0
