34.080307935154025
32.825858662346775
37.8082771872218
37.002662293909005
32.24353552806773
32.88051759939006
34.79075561127966
36.41800931188587
33.954223166231984
35.08748093698432
34.110443768746684
34.52276785080208
34.31080850881805
34.79176693470001
36.340703701081424
33.81320806672847
35.336738188009996
34.81359145177654
34.88843620661579
33.95977920298915
33.13319193687953
35.64426263615086
32.66302112436874
34.55753588061201
36.55688984592665
35.596374786813264
33.38446866767634
33.95504568823767
36.865325618195484
35.05375173717082
34.56107747575486
36.89712394419441
35.005413189539134
36.1397143987429
37.19145460049004
35.800839877472015
37.307912871696
36.23579053157277
36.50876811257506
36.20977738442832
37.34950185486305
39.44544003351097
37.16186196050625
36.94665775577332
36.19494286550577
36.326831559387394
38.52645239773633
37.08300863537112
36.41202666099893
36.83335450377159
35.81809220668984
36.739967830645966
37.756360837269284
36.300433102868844
34.81181317938148
36.65873313114968
40.10491999919575
35.45683854873528
37.76768815265388
34.99943883108579
37.02677518833143
36.30024671896003
33.862484485496864
37.76839798675019
38.43036712224745
34.448980767198414
35.13267924482071
34.74150452421416
37.73063737448357
37.26020945995047
34.9687597553073
36.759772426271766
38.09337555098032
36.805132194139496
37.51369573242336
38.55131217869248
39.19165815566618
36.28425150571198
35.25310755657052
38.33851917093352
36.23676093631496
38.54040658129643
35.90607252149162
33.14882570053288
35.852646433861295
39.60520959057644
34.309698676526246
34.802202010495854
33.50682189313525
39.3969504597466
37.59901921846463
36.81995724719411
39.719089867127835
36.680396193575945
34.679483644855374
37.132229716090116
38.15442456808482
37.962551586629466
39.23351326861942
37.64205593098694
38.1440506960097
34.09743298184007
38.20048740613904
37.19858958514214
36.01166819805428
39.953647097151
34.958276862880986
38.701975810699274
36.739795098925825
37.92603224012105
35.22459142042495
34.34838382466908
35.37984188753699
37.04918116984152
35.7276583274392
36.86026767055694
37.28180958315708
34.14494155914627
38.542547580086406
37.97638498072986
38.72196084240321
40.06465996157557
36.59341851777494
33.26127742978938
35.95613146402943
33.70407525520203
37.34702070960991
36.23370498407523
39.83146758804736
35.207654022569926
37.46522412121328
36.06434852167085
36.04070393695428
37.01501732791693
36.32344228064351
38.580928440453526
38.449158470787
36.419285283348955
35.07455484027964
38.735595070531666
38.057222126763556
39.57400846093703
38.62056617451916
37.42186859731139
34.71743048714062
34.154842275211905
37.07719324674616
35.41148687840125
37.410585058996006
37.04170857913403
35.41900754614406
39.12267877377269
37.620421784687245
38.75394038023258
37.52369895222985
37.064475801914526
36.992730320222336
34.11592445578682
36.2114225954524
36.602185499177445
34.242373661669255
37.93769452272917
37.40967199034087
36.40874145056877
35.59383021314825
38.080656548424514
37.33813944034
33.69002005087888
37.694723788268405
36.96315096777845
37.29721072311666
35.494511213103735
37.58511895750008
38.41669240207397
39.30721127047423
33.87334676994832
36.505499472888445
38.115592853004166
37.087695732522675
37.26730143635448
38.457936171852694
37.21278083688723
35.657159953315116
37.68200188688663
39.903823015785335
35.238167831999995
36.12137583112665
35.83507267914692
36.603841363030085
36.16544356960765
35.82216242743462
35.22421774775187
42.56154027801178
35.66479123067479
37.568808070693436
37.95114157179015
38.38103383026522
41.47284726033991
36.61773758953021
34.41811846471309
37.028582343245716
35.69988638485429
35.2593037572698
36.92053297286315
32.360920298347054
34.61999171017443
36.79833737652498
37.35644988513514
39.321455735655405
38.71960933875328
38.80903762697048
38.048476557967064
36.64458060369731
33.41142141448136
36.048034696408635
38.41587879827355
34.229701792377135
37.23885108111508
33.462282104937245
37.44920962983756
37.74208810148711
38.251320901724526
38.35048688951974
38.5960012676263
36.824732485441444
35.14940171816027
39.22257175001458
35.220833401161414
34.99630640863662
35.26322049669958
37.85489003344594
36.82917065851633
35.17265221087075
36.355834706019856
36.620002175925464
37.97461745655679
36.1373312939149
34.84284703616025
34.08028860463184
37.607154536916646
37.46499383801025
34.45314940894486
38.67810695130552
34.6664581487526
35.47276894868781
35.66998300349965
39.032993941217306
33.969377376244836
38.36360428541913
39.67458610627217
36.99879491086966
34.766572925091936
40.96847627893092
33.07759460381209
36.03443399125237
39.43182770633999
40.942981194734315
39.938299809239524
28.93988579746727
34.558961587176725
34.32162372549236
34.25243416414579
37.23831851196768
36.95482968683031
35.525041600192594
35.699624508463494
36.56616227875487
31.95978461234009
32.791227790091725
35.9141835363746
38.06509773980594
32.184170374162214
35.7283286747849
36.48741900667601
33.33197193422647
35.30050301346281
32.25321099337566
36.62288970081555
36.511518245854134
35.98677519785212
34.00376711147036
32.030504439250315
37.25599758230779
34.83254930892228
34.66691485718544
39.29925769478657
35.009426749973315
35.35839282010698
34.06704176388156
34.14742136518935
37.17491314026225
35.063483448508165
30.70913482818821
37.84296917490395
34.464635344176784
34.563723373774394
34.59676005218912
32.298540848594904
39.244085170729605
33.82715024235211
