24214619.0
21321835.0
25974517.0
14426565.0
19634214.0
20414927.0
21531825.0
19881681.0
28232774.0
25714360.0
21115863.0
26657417.0
25408675.0
18337050.0
21818977.0
17884147.0
17283473.0
21313693.0
22128071.0
17215341.0
34213710.0
21051396.0
28455910.0
23558214.0
15769696.0
20855974.0
25734310.0
22139287.0
19168243.0
17464681.0
22389667.0
26409329.0
20721340.0
22859676.0
18807270.0
27715301.0
25519455.0
18017366.0
15780064.0
32651893.0
15008212.0
18459205.0
16982550.0
23829579.0
25184063.0
16433758.0
16814470.0
19195092.0
20726889.0
15970528.0
19843286.0
19431906.0
14858102.0
24170875.0
27989803.0
17608826.0
23319878.0
16450059.0
24354164.0
14997705.0
20588983.0
11139334.0
15794530.0
14912171.0
16142610.0
21916107.0
21836573.0
21270514.0
17051477.0
11680492.0
17064346.0
17834528.0
18413336.0
22894252.0
18707152.0
21714830.0
13328588.0
23224613.0
26195177.0
15839865.0
19701542.0
20599428.0
16114778.0
14823771.0
23558266.0
22565190.0
30324751.0
21076187.0
13755892.0
15179795.0
21537966.0
16068738.0
15716982.0
27127080.0
17696671.0
13151917.0
18104643.0
16463371.0
25111972.0
12375140.0
17531069.0
15342366.0
13382265.0
21446089.0
18657665.0
20854644.0
13134432.0
16645095.0
18098648.0
24915456.0
13858982.0
13166499.0
15240728.0
20235403.0
24599688.0
14545455.0
15949854.0
17944112.0
10498341.0
19026328.0
19898823.0
13435674.0
17327459.0
12974082.0
26105630.0
15265496.0
17239898.0
18104150.0
20263589.0
16912222.0
12224951.0
23957541.0
19373849.0
10365171.0
17948844.0
13256965.0
14608561.0
13422954.0
11351788.0
12389732.0
23724287.0
18145540.0
15789310.0
9600868.0
12024664.0
17511527.0
14128440.0
14180921.0
13931586.0
14215758.0
13314456.0
9324401.0
18807734.0
10348729.0
16841819.0
21787329.0
20092970.0
20452481.0
8255010.0
14838743.0
16587443.0
19880783.0
19741035.0
16982845.0
11300982.0
10937370.0
10884301.0
11755166.0
17620994.0
10827759.0
17464817.0
13892586.0
9747640.0
19505718.0
12410255.0
14352198.0
14010197.0
20004758.0
20073835.0
12303103.0
27190048.0
18064898.0
7960735.0
25006573.0
12564336.0
8077995.0
18433152.0
14022073.0
18920387.0
12466332.0
16276966.0
18329473.0
9443193.0
12115009.0
11613790.0
12709318.0
19118416.0
24008928.0
13448150.0
14924563.0
12411080.0
12738147.0
17201296.0
9655104.0
17902219.0
20023654.0
16438571.0
7889274.0
18180803.0
11642391.0
12431416.0
11130928.0
14299783.0
11950158.0
16673131.0
10136994.0
10811438.0
9954039.0
14136731.0
14366322.0
16052948.0
15615383.0
12400620.0
14723570.0
26541274.0
11591617.0
20953483.0
11980209.0
11720374.0
16466575.0
18159971.0
16116166.0
7148491.0
16617127.0
8041501.0
15957370.0
7323387.0
17011090.0
13021669.0
26000498.0
8314617.0
8504065.0
18483215.0
13493671.0
23018787.0
10881484.0
10048992.0
10003424.0
12247950.0
15997251.0
12893800.0
10000920.0
8151570.0
10334931.0
14096254.0
10869870.0
15357833.0
10925032.0
18932670.0
6799043.0
13078319.0
10846661.0
7679438.0
11750171.0
14794954.0
9204589.0
10553745.0
14561090.0
11665918.0
15901066.0
7632231.0
15956305.0
6402648.0
11836075.0
11529214.0
9410508.0
18016386.0
7767361.0
10449085.0
8104040.0
16766127.0
11727786.0
10783765.0
13090817.0
13127219.0
12097992.0
10351867.0
8802973.0
9533397.0
16050159.0
9738523.0
10149020.0
23675513.0
11306237.0
8207586.0
11543989.0
6692163.0
9984197.0
12021236.0
16279453.0
11711937.0
13512328.0
10810528.0
10248252.0
11550809.0
14597972.0
19468549.0
10813430.0
17820790.0
10117519.0
21111371.0
11244210.0
20813211.0
6979385.0
14348463.0
20602247.0
17406577.0
12322758.0
7427957.0
8814792.0
14168375.0
13389940.0
10460942.0
14608802.0
14790966.0
11288890.0
9269916.0
17213104.0
12121236.0
5408226.0
8100239.0
10534870.0
11165285.0
12937117.0
8087520.0
9360595.0
6385142.0
11663793.0
11908505.0
7986524.0
8676970.0
10369721.0
15418089.0
27132723.0
7925586.0
11836368.0
12529779.0
17328031.0
8145691.0
24448714.0
8733766.0
11487820.0
12363001.0
16472294.0
22126253.0
11855060.0
6391858.0
9081835.0
8976960.0
10864188.0
8289142.0
14722205.0
9457399.0
11462588.0
17431386.0
13681947.0
8622076.0
7803928.0
18284552.0
15304694.0
18084617.0
7125883.0
7425256.0
7865274.0
16624155.0
17220059.0
9308093.0
14792615.0
12216050.0
7294463.0
11259690.0
11709666.0
7459981.0
12721113.0
13060900.0
13942498.0
12552913.0
11248249.0
11682842.0
10528818.0
6750378.0
7828652.0
7277421.0
11120771.0
9368400.0
20146250.0
12333412.0
12856216.0
16251053.0
7003544.0
12232299.0
7272373.0
7980154.0
10827171.0
13045549.0
10170133.0
9697466.0
14465584.0
8387188.0
9571268.0
18428717.0
9410661.0
6366269.0
15338389.0
6422240.0
11194803.0
9231217.0
9630852.0
11821131.0
22666450.0
11284239.0
7673340.0
22299684.0
8704551.0
9208711.0
8092519.0
11582036.0
8311108.0
12950612.0
6102294.0
13744432.0
12542975.0
11661623.0
7988596.0
10211397.0
9419980.0
6481576.0
8746761.0
9122786.0
9659479.0
6194650.0
15351170.0
5182691.0
13799674.0
7479611.0
10931992.0
11420450.0
16682886.0
8284844.0
10794343.0
9406946.0
8202384.0
8070990.0
12964003.0
5009256.0
7911524.0
6104166.0
9038451.0
9545026.0
14314928.0
8791348.0
12707532.0
8035489.0
11305379.0
21197129.0
7291797.0
13628363.0
10639280.0
10694596.0
11156458.0
7059976.0
19517937.0
12428713.0
8467556.0
12892127.0
7510835.0
10271360.0
9350089.0
10192180.0
8925611.0
5983715.0
7582950.0
8724669.0
11618523.0
9090794.0
10982095.0
10914872.0
5506146.0
12404431.0
9442726.0
8162222.0
6720125.0
11250248.0
8699617.0
5986290.0
11660819.0
8223617.0
12522926.0
6898696.0
14763003.0
