-132610.0
-119927.0
-120912.0
-95143.0
-126686.0
-120399.0
-114079.0
-133956.0
-148687.0
-164360.0
-117685.0
-118561.0
-148943.0
-106309.0
-134388.0
-101011.0
-103246.0
-111326.0
-123974.0
-128376.0
-159700.0
-130087.0
-129858.0
-134147.0
-122285.0
-124874.0
-137095.0
-124328.0
-122684.0
-110209.0
-111825.0
-138352.0
-134010.0
-116802.0
-127775.0
-150011.0
-132267.0
-95200.0
-86775.0
-141336.0
-105359.0
-99334.0
-96280.0
-113585.0
-136091.0
-112673.0
-98961.0
-110538.0
-114464.0
-106911.0
-91482.0
-91264.0
-94416.0
-129927.0
-112503.0
-108134.0
-121995.0
-93834.0
-127813.0
-95137.0
-109918.0
-83221.0
-108961.0
-95223.0
-99842.0
-92587.0
-93649.0
-102378.0
-102529.0
-84885.0
-110409.0
-109227.0
-114914.0
-97408.0
-101137.0
-104393.0
-92617.0
-101536.0
-142203.0
-93890.0
-100267.0
-87253.0
-99609.0
-97668.0
-87519.0
-107033.0
-117968.0
-89843.0
-82266.0
-94128.0
-125973.0
-82589.0
-86099.0
-111459.0
-97259.0
-78280.0
-110085.0
-82315.0
-102529.0
-77428.0
-94055.0
-88437.0
-79871.0
-95082.0
-85565.0
-101529.0
-75312.0
-93940.0
-99009.0
-107700.0
-77418.0
-79073.0
-83126.0
-85328.0
-111593.0
-82501.0
-96724.0
-90778.0
-73759.0
-100676.0
-97812.0
-90666.0
-78622.0
-74685.0
-116770.0
-83530.0
-85993.0
-109811.0
-107533.0
-77051.0
-82162.0
-112961.0
-87679.0
-65146.0
-87775.0
-77437.0
-89752.0
-87334.0
-73804.0
-83915.0
-95297.0
-94240.0
-83412.0
-76343.0
-78493.0
-93037.0
-76931.0
-76874.0
-58131.0
-74338.0
-85397.0
-55063.0
-83828.0
-63366.0
-93911.0
-87141.0
-87568.0
-86991.0
-53691.0
-90035.0
-90712.0
-74395.0
-89799.0
-89687.0
-82660.0
-69658.0
-65271.0
-72833.0
-85653.0
-67042.0
-91162.0
-65371.0
-70196.0
-103313.0
-74916.0
-65560.0
-72961.0
-87124.0
-88882.0
-71403.0
-100194.0
-84590.0
-52683.0
-96938.0
-67007.0
-54561.0
-88138.0
-68175.0
-90192.0
-73188.0
-78987.0
-73865.0
-67403.0
-73576.0
-76315.0
-64976.0
-79152.0
-94710.0
-65480.0
-81398.0
-64007.0
-70138.0
-77957.0
-55450.0
-82147.0
-90410.0
-82211.0
-57034.0
-78214.0
-63853.0
-67879.0
-65133.0
-66303.0
-66642.0
-77710.0
-64292.0
-70789.0
-73542.0
-86764.0
-73143.0
-74592.0
-75853.0
-64979.0
-67373.0
-93941.0
-68298.0
-88538.0
-73294.0
-61340.0
-70313.0
-85615.0
-72337.0
-55560.0
-67374.0
-56685.0
-72056.0
-53990.0
-81272.0
-78477.0
-93044.0
-59968.0
-57271.0
-81972.0
-66410.0
-96759.0
-60456.0
-66691.0
-59740.0
-66228.0
-82115.0
-64172.0
-58992.0
-57011.0
-61463.0
-77073.0
-63917.0
-80501.0
-55807.0
-85756.0
-55452.0
-61668.0
-63713.0
-50506.0
-65799.0
-72144.0
-68567.0
-60023.0
-73568.0
-66755.0
-70245.0
-59207.0
-77051.0
-48639.0
-61476.0
-65245.0
-59589.0
-84637.0
-58376.0
-53768.0
-57377.0
-78613.0
-57799.0
-57070.0
-69055.0
-86219.0
-73945.0
-64170.0
-64440.0
-61460.0
-74254.0
-61618.0
-64644.0
-92340.0
-62640.0
-56472.0
-67717.0
-43472.0
-56075.0
-66420.0
-74098.0
-65207.0
-65854.0
-65452.0
-60045.0
-58821.0
-75494.0
-80283.0
-63793.0
-68214.0
-51075.0
-81095.0
-62566.0
-82579.0
-49241.0
-79618.0
-92049.0
-86869.0
-60009.0
-51497.0
-55658.0
-72436.0
-64901.0
-68925.0
-80114.0
-65209.0
-60864.0
-55843.0
-73778.0
-67783.0
-49059.0
-55745.0
-62493.0
-65703.0
-74196.0
-56016.0
-53107.0
-43981.0
-54695.0
-63663.0
-51031.0
-53754.0
-64698.0
-67306.0
-98734.0
-53996.0
-64967.0
-61719.0
-80128.0
-55569.0
-76886.0
-55057.0
-59249.0
-69529.0
-76512.0
-82786.0
-57875.0
-48347.0
-62847.0
-49142.0
-63260.0
-54925.0
-72907.0
-53153.0
-62115.0
-70209.0
-59879.0
-58868.0
-52898.0
-84018.0
-78016.0
-73320.0
-52259.0
-47218.0
-56986.0
-71470.0
-73714.0
-53272.0
-69428.0
-65151.0
-48628.0
-61198.0
-63696.0
-53219.0
-63856.0
-62439.0
-76079.0
-72772.0
-57142.0
-66959.0
-64613.0
-49406.0
-54654.0
-47267.0
-66451.0
-56478.0
-91074.0
-57414.0
-77315.0
-75470.0
-59730.0
-68608.0
-48933.0
-52973.0
-63656.0
-72223.0
-61103.0
-55482.0
-75296.0
-54940.0
-53609.0
-79389.0
-53645.0
-54430.0
-70349.0
-48538.0
-60261.0
-55615.0
-52774.0
-62008.0
-88033.0
-74679.0
-51793.0
-104994.0
-57024.0
-62675.0
-54055.0
-62115.0
-51337.0
-73787.0
-47153.0
-70008.0
-66581.0
-61171.0
-49674.0
-54752.0
-49865.0
-47938.0
-58943.0
-65813.0
-57792.0
-50056.0
-66245.0
-43074.0
-74446.0
-61892.0
-56256.0
-67905.0
-82379.0
-51928.0
-63432.0
-54975.0
-54544.0
-51534.0
-71052.0
-47094.0
-56120.0
-46211.0
-53839.0
-59562.0
-75903.0
-53790.0
-67801.0
-51017.0
-59072.0
-78800.0
-46141.0
-67881.0
-55931.0
-68231.0
-64442.0
-48868.0
-78067.0
-72024.0
-52784.0
-72089.0
-53453.0
-63849.0
-57100.0
-62917.0
-57428.0
-46922.0
-55913.0
-53244.0
-61127.0
-60526.0
-57327.0
-61244.0
-46457.0
-60008.0
-61306.0
-58519.0
-50531.0
-59445.0
-67741.0
-45213.0
-69512.0
-49539.0
-63504.0
-51496.0
-70927.0
