6078984744603.538
5997484236073.062
6456444950932.846
5476923974186.853
5923285257950.732
5825780575458.25
5963805215687.569
5842340090394.37
5916882120770.443
6821353932218.8545
5821062491012.181
6473990837294.247
5952821216894.005
5522965820548.088
5542695894486.689
5115176843938.027
5646214206732.707
5564029105202.453
5805862729886.804
5390909275185.18
6751173644739.351
5381470878561.954
7268539279924.916
5905561369400.618
5356391034527.11
5842429806586.762
6086292811873.796
5570034096480.519
5667149770443.293
5184672219946.005
5547733651195.313
6051826849140.0205
5817058753296.407
6316875113705.193
5374489815631.91
6600174187538.841
5897464920251.801
5709904430065.977
5486658884289.963
7624481527630.649
5512628471902.438
5540810748324.312
5110307837998.281
6256716079855.844
6361207636237.718
5847810476397.407
5962405377571.902
5344718372380.521
5946290669846.691
5344756551062.775
5915877231636.023
6079686044839.494
4929357537399.117
6749685659994.187
7261835900985.955
5713449027454.011
6479542299719.715
5582923459523.884
6301498238193.152
5625677480983.031
6529676802615.464
4582035031403.562
4571684551408.763
5075875006829.015
5736167169108.961
5975170366320.886
6488081105593.503
6119943961713.453
5531002332553.138
5139752874270.005
5935803562865.853
5275807419715.352
5908567955725.737
6100483238186.355
5915243260989.23
6134829908937.991
5511358945117.966
6229719162751.924
6014698409319.183
5545173860026.297
5903564764085.297
6162508830622.9375
5634210549771.951
5420480409934.147
6549188378675.218
7002469641944.545
7173723599869.321
5671330051386.972
5270513920980.464
5339881189649.625
5732874812250.256
5465950270194.1045
5244577790387.848
7542599042823.26
5618870322540.091
5005509867607.895
5677780397348.596
5147276869428.287
6615124338613.914
5295912273399.777
5353787976600.471
5970425751658.788
4939664401774.518
5950609686536.263
5509075055226.242
6358106821896.092
4785370121652.832
5677147432021.719
5433095817506.942
6445769619265.899
5223118634110.724
5103798244864.883
5759770961752.632
6222934497587.579
7188732260421.541
4885373178546.851
5733604233569.297
5207806539589.374
4537086969601.033
5577216912228.648
5895443587510.369
5004102341261.835
5318732818612.249
5161622025634.684
6079999462919.552
5413167250756.052
5911591015124.725
5619631157721.092
6753973511992.189
5829143123115.818
4696595739457.216
6996904161251.509
6336024970752.721
4660654304837.681
5445061965734.7
5311092546076.39
4769939154326.437
5704121951655.125
4718361580642.879
5427845603529.617
6877994563000.877
6060740304726.465
5535315463074.295
4421965168028.349
5101856455220.206
5720430974306.088
4648012078417.856
5272285896109.498
5289462175314.274
5456378965547.691
5076968020824.465
4216708001931.0757
5529061137623.785
4769919409617.283
5207025531035.324
6119905456372.83
5842552979406.411
5845065328552.586
4554859804570.392
5212117017396.585
5676735807463.349
5838000884530.826
5529248428687.209
5168069759284.566
4931237184745.374
4695846189685.77
5097486863543.759
4738842289735.643
5952146968407.726
4687898333226.223
5270977704498.89
5002172981002.181
4694405695882.278
5716126141020.316
5018799977426.787
5075296151884.021
4995655541751.193
6297477335728.478
5793039325776.767
4927479998514.507
6636817705310.464
5958120135204.302
4080164478456.5107
6932426369534.764
5326861788382.673
4435078942178.879
5477654030231.184
5286345597477.059
5593675581744.333
5273295741148.785
5507655719075.292
5617261786883.669
4776323676454.239
4883325789025.614
5037951700369.229
5045511444775.381
6145165287914.881
6436590903484.854
5523296203267.709
5379927432956.02
4855791319483.599
5273809124111.967
5178864021618.554
4215804369620.165
5755894554058.184
5429598005529.811
5587669582018.336
4171338919246.2007
5217344166637.688
4716271619431.357
5094290124131.134
4775398946392.223
5080489420154.43
4841716049123.57
5844838823504.197
4622515077543.767
4626167813180.866
4751228053637.519
5356696098593.526
5469935498209.872
5723165029214.339
5563803121206.915
5010185189682.272
5181931801936.594
6504311902007.882
4818622767167.466
6458309412314.792
5014268153788.874
4694975120688.511
5405736274890.595
5410453802628.246
5349374239161.179
3894713608248.8706
5496824286238.111
4069412365700.732
5401775488624.636
4089746032614.7725
4994119248804.292
5107835293951.218
6700900760212.516
4551374748341.885
4151680283201.7573
5714959106882.759
5483906004334.659
6835719611801.675
4547718374384.397
4541717557118.684
4401893593569.393
4625510458076.983
5478705945630.702
5342705183009.013
4175511948830.0083
4705002958100.845
4541764380238.859
5271388322806.059
4983691578670.397
5566010898715.094
4801065496922.779
6076880875155.035
4163178336260.545
4816531392892.217
4394457395347.917
4217793468430.4614
5108327723607.716
5196767603041.549
4541230732347.861
4471484916500.535
5219809011077.981
4501007080506.644
5402802141230.584
4156812328381.1714
5760802783089.564
4072774184375.232
5005349543543.675
4778097099103.728
4569289694572.466
5849912753753.204
4474629482749.242
4393625803268.778
3922447122956.7637
5774701621555.406
4789734540024.08
4911747669386.245
4906906925116.651
5035750723293.935
5174023433080.674
4703504984090.295
4319724709268.05
4388374488901.4023
5327698222617.907
4596943879829.253
4812831329588.27
6436210391568.1045
4950156108820.319
3992720270165.3906
4763800188197.675
3856985162173.426
4482012556636.348
4709952211469.925
5410824234137.2295
4723149052410.976
5042796823808.103
4548537313034.066
4880006480050.029
4990770173587.329
5601319200655.312
6039006179774.765
4982168871877.214
5715257841923.136
4472007768831.23
5732408607331.858
4947315334018.449
6482476879573.456
3899423092935.45
5631885493999.346
5787222390922.717
5797390408440.876
5000396505901.73
4315296821307.379
4508404747021.984
4700883478458.723
4965150554520.013
5037278930188.979
5695509032333.606
5110422035243.26
4588498258750.034
4129107543884.7397
5064300798092.514
4717248183140.889
3649774803785.4165
4152201626445.06
4999315878622.156
4778278149699.502
5003181563994.593
4524380886024.753
4721663265824.883
3886405815679.9985
4638308834028.003
4716016840056.135
4227885820235.367
3975978801786.444
4911540598235.145
5372412721729.53
6361492592813.794
4444126212162.548
4671991754806.806
5150667808903.328
6217191936103.819
3765630575408.5317
6113780609739.718
4193082999603.6216
4444815159581.478
4803626036915.588
5358385780022.987
6449705648721.352
4288905326192.4097
4289843841877.1807
4631091287728.732
4132319234207.0576
4335143616442.5654
4237337371702.7397
4906035508179.39
4482468138863.613
4785478812814.041
5502328475409.894
5074639518250.185
4561890254694.686
4247064054235.547
6049927382234.826
5160865351688.733
5635831568949.475
3781156608895.604
4131944977708.8906
4384515072223.041
5383730582327.261
5688959029866.928
4274105697793.646
5105257739833.095
5168613894209.634
4078099431839.8906
4764994038428.155
4979762276468.845
4184295446081.707
4947804338776.098
5020740543595.99
5305767255239.571
5286170780720.618
4733670831604.118
4874583014661.476
4325595081106.1416
4094170933129.7803
4030881312012.7266
3864594286681.207
5053571061412.875
4600820994337.694
5587599562868.382
4794054559927.984
5713043267993.659
5819672490346.496
4369010158726.1494
5301933129948.442
4054452010946.5034
4067565767144.3325
4846890069584.376
5262829292818.263
4631148362166.046
4315051877655.8794
5158774187464.588
4526144637450.291
4261825215780.421
5430679952149.076
4454100988175.956
3781093664122.376
5565419214114.327
3665583241146.3184
4671597509680.766
4619848669189.879
4353016052548.3555
4702566679402.518
6355955429499.461
5139027786558.7
3894024311292.9697
6255651600923.402
4550461712418.317
4765692241574.489
3932259108058.805
4971206673780.983
4287452205674.749
5093754044081.168
3706358900914.3887
4930097102421.718
4920817489501.064
4641031826482.485
4067168014679.004
4427559965077.916
4418648536011.598
3929930622316.7173
4070768134572.165
4741077774351.263
4579009645073.551
3799637080830.2036
5606151146032.57
3472119705492.6753
5314761353888.011
4109625884310.2856
4807498189798.011
4832315091310.207
5469274202375.162
4191946202957.8374
4615069397992.747
4235792444183.7935
4292306637233.287
3862793177715.7676
5205215277391.176
3774926309796.7324
4235174205050.0195
3728310831290.663
4186642095685.8535
4833663937362.641
5193401516717.335
3845349397974.7363
5058699457294.005
4106030909489.2734
4865429588638.94
6284664869454.164
4040031040797.6807
5106526687764.077
4194823828351.2534
4471039324680.411
4554056258921.29
4211489913943.7026
6009035393237.383
5350367711288.915
4345856638856.084
4830080217362.5625
4244677880735.2065
4689404528664.472
4443017460068.938
4717373132540.747
4604339433005.02
4092212955942.4556
4239210234475.619
4426767371404.455
4968782180034.009
4372687802315.379
4694216122583.13
4539010958468.94
3806138786859.331
4899214147720.845
4766908565432.416
4603154774712.7705
4009596128292.956
4564865162724.718
4473590733595.311
3785653511342.908
4815317770202.207
3933764348756.238
5145609387666.713
4103984610879.606
5353463492757.294
