32.60580492487142
37.37852888386781
33.21407447050483
37.566607044834235
34.969809896480925
35.45280743140889
34.37491517657931
35.54492775335544
33.92288385785156
33.69638169372936
36.334299167055995
32.79182906253257
36.07084523339461
35.88500930834598
35.92313551949584
36.63161584223288
34.30255939015564
36.441364564078825
34.200400261698974
37.998697335063966
31.817886162956565
36.64639498194753
34.12032139348993
35.33316179728327
33.84075014977075
36.247926558257326
36.00825556438295
34.66677036380647
36.28070775197058
37.499307179693005
37.93853106815518
35.815139315720664
34.1466924384867
34.797623158621235
37.02902587158117
37.33684015113953
32.86134654546376
36.09250013062168
35.57579060542692
34.751021722153794
38.47479622143307
33.5347827258426
39.26544851572009
33.520341915252146
33.88058218821608
36.78605768088798
37.07601354816913
37.04896552495338
34.811543560114075
37.220717934129546
36.00531554325598
33.97790744856776
37.33895259006384
32.84049942471004
35.086815573088565
36.45446009234667
37.86663154669265
36.58743099240676
36.448599816025464
39.30588478275317
38.24208544575052
37.80376354050979
39.75879988590667
39.170764482758464
37.20697116737736
35.70731129374461
35.35871555982844
34.822394675324205
36.90921838857609
39.43825232057783
35.48388188681881
36.90556554691667
35.74473732256792
34.796542450227705
36.04060350507113
36.402054652670344
37.91022712615955
34.71224952933579
33.64930603496865
38.067117721617194
40.928043583518644
35.19267643749116
39.396077785303454
38.11240938956867
34.767290319234704
37.572789390247145
39.119370391924924
37.040272639862316
38.37519259998348
38.66858838654493
36.329183543067444
37.77029940339572
39.134477755682404
33.512590622586735
34.75552995493318
39.86723925825891
36.62591294444414
39.00825427818745
38.16389530516923
38.21293772454067
36.2326613608091
40.507466962666314
39.867772365739114
36.15968070015785
35.80749873068513
38.644616957429974
38.66197355543182
36.01277980889417
37.00168202053931
36.767559529823124
36.51430080273882
39.432151059892
34.947499391715276
34.39950196348342
35.656080397002384
38.94545523669683
38.58948409978356
37.61780333894307
40.43347197293933
39.167405340400194
35.996406905908756
38.668190499331736
38.60607275572751
38.51247340902428
34.57757099750766
36.60626283996705
37.04673127321971
39.27080074192513
37.847285859360206
37.36747578013485
39.37155099659389
37.34367960768761
34.887330870991505
40.59080010291059
36.85297522670641
37.897716645906435
42.454975554281184
37.92282553346398
39.15746660069241
37.97430896002875
37.560496841207396
37.138314832167765
36.53978542956327
40.99104024811038
38.68731324035495
38.286810301442124
39.530558873516455
39.58816096381417
37.12926591560842
38.94756282902668
39.24529935912884
37.892170604530676
37.44560027854395
37.569526688828134
36.574844383307294
33.97719806878087
35.81094286357514
35.25495199539632
40.46407090338207
39.20093055493032
39.785174553751595
35.209684120302846
38.07607678955862
38.449327930509604
39.9518114459383
39.300361757841685
37.81391153954689
38.09870525852864
38.03034751378671
39.28513963892706
37.607972063241036
37.40965751952704
39.10404053556459
42.20648149580491
39.289699805055314
37.60074712019869
38.57636220374763
39.6274912772324
42.816763686490056
36.99256501372778
38.65910231470724
41.302184832659
40.300569033611836
35.92766047682949
39.3914834579446
40.6848282437907
39.627694564435664
37.141392685723225
38.37872096900152
40.22878430213684
36.53592033547857
40.45741077724294
39.783189181455406
38.233054821704854
39.41503693675929
40.521957834875025
37.015548919164836
40.1357662759324
39.39140535829402
37.655803076053026
39.19859454012725
37.39097619777139
37.159738689017196
39.30173487869162
41.00031587976652
38.1155000933369
42.715862820460096
41.17847295108101
37.89920544408886
40.32421243581285
38.13758159916436
41.24784929564219
39.525393368256374
39.233454812092766
39.00330952858515
40.75396159023998
41.89608864648668
38.839647195159564
40.32717894006872
39.020553452607366
37.98584369931865
37.948245353287156
39.99212022711329
38.55854548096976
40.723039696825964
39.18459899832426
39.24079202542452
38.302371137556676
39.337905416988676
36.993578243619865
39.92121997978439
38.17405247972742
43.173407281402284
37.95020080686841
40.59194373987428
36.53079473088663
41.820665856703506
40.69897046183939
38.290400166820646
37.61272229774741
40.95215394518183
39.15525386219039
37.61952898412047
39.35262402315131
39.040530107677
40.234701129019676
40.86098248348771
40.993685062163166
39.04787243815788
40.01910080682638
38.32441770404244
41.28384994912856
39.407850049777764
39.13106293003496
40.350532617671035
39.51080255000752
42.671857049139035
38.305462508456564
37.33743510863333
42.628673312926594
39.7221580809277
43.087984389834624
40.79045023968683
38.80718910107135
38.3664550777291
41.07511836121121
40.047402870903795
38.734769347574385
39.06681855418525
38.9362264479366
39.646230439591974
41.347000665844874
41.328628504498134
39.78612276105054
38.615606037852814
39.46865799289942
40.78388890766792
39.72058830214945
41.33395452759443
40.82486891212174
43.02368990319558
39.22712882251365
39.29722901709145
40.9366329839078
39.363710001549
38.94848597490617
42.78308539124131
42.29848387270575
41.88759830054066
37.72294688422426
40.42897098915921
40.460947017946125
37.0721322569314
40.07572649819607
41.227881604548976
39.983194114936005
40.506006170428016
40.09799848389099
41.28228242511707
39.38099679492096
41.8023738018647
38.71033057719429
40.11952180895642
39.40381585584915
41.120039320414
41.578277450075866
42.28526502931491
39.41305450631444
39.059638070755526
40.39230433618093
35.6435406682694
39.55608313206871
40.58506185111166
42.57646058948975
37.15660680912044
42.4731797307341
41.618009584853176
38.97769146418068
40.384243757489195
39.23153234445666
40.46049334631747
39.63397466128653
39.1843206422141
41.42572287580649
37.87765316390489
38.63371483939644
40.818149977605145
38.443734812724855
39.79196513028598
42.96711224058325
41.09362573661657
40.08402071038555
39.42825845221578
39.30291494223133
40.91240717730304
39.22399623532651
42.0725508405572
41.261375307199145
41.40309968740611
41.29832533380745
41.49583561752233
36.98403729692103
38.45311625154749
41.368822577271615
38.82447327980975
40.25181392385508
38.249236717059304
42.367568897492
40.45536509931681
35.96690208414577
39.034850644990655
40.34450305039476
45.934456097481615
37.093328842083906
39.34402410026371
37.91725297479056
40.7216990508896
40.76713038740219
40.980306432801456
42.28201046905411
39.6723191337264
39.05741622736742
38.68207203690146
39.11906934232104
42.649112386184285
36.84952015313003
40.314562290775704
37.933881303507086
42.15399215131468
44.26939670518866
37.166699025334445
41.54324055020279
39.60142897370798
40.27012191512637
37.394336106124264
37.273644483335
40.1761697942878
42.68443240232574
37.54815715616164
39.6141820110481
38.20877971062709
36.917274177363446
38.84177446619313
37.62771526226203
45.78189865451522
37.09637660864109
37.142109324857756
38.42266516949037
39.988746466288106
38.98274582993825
39.24719523710734
39.893697474552674
41.21727418794696
38.31136753925797
40.33376988463859
43.41613422059594
37.465022612579595
41.074729325755285
41.49473397549135
37.89035727896643
36.756140076734724
38.11276675608151
43.413013536569764
38.556775934186696
41.67753112894962
39.42803202016037
40.31986637308291
36.59521718010917
39.202951431911956
37.08284236287034
39.929332609156894
40.52854865292038
39.08242904015135
38.41757954750972
41.63036142711092
38.997322631934466
35.57653903446333
41.34676834671578
39.53189534335794
39.93105454570852
35.06426208094524
42.6745935508834
42.476456424936465
36.364818444393585
36.740427822450535
39.15010115217958
37.446498273278124
40.36527592863901
37.196673656561046
41.60468734026165
43.79471112530884
39.69633264396031
39.146508867716854
41.44705141374727
38.225440955168615
38.04501307648849
40.42259157800399
39.68032944256322
41.08661690591946
41.72012726142141
41.768676665303346
41.7443290554135
40.55418798149898
43.23542149367641
39.46239640816386
38.32938420053142
36.4605836470683
35.39055360817724
40.59507560695763
35.33172287862083
40.30451355861868
40.77868890155502
40.41911604631159
39.83571367574189
40.21857495739487
35.13665811457385
41.25695418992263
40.28806288083792
37.11266171298758
34.835167846914224
40.05414643902602
41.51897568542611
38.27476167493801
36.888664223953946
41.35144966727062
38.28719254367595
35.004623694694246
37.226342032094585
38.33047028126318
39.436743953812645
40.101642267439495
39.747934175557106
41.154305431566286
39.25621029335163
36.593929417189116
38.61802408302322
33.74423501532623
37.958649692580735
40.187209997162284
38.701977478824034
41.31825969483614
37.63547217752744
36.548695963736805
40.08214434033082
37.28479830655292
35.920885615123005
38.213962298428434
39.033159644192516
36.74883315412494
35.20820941607534
38.97402563715117
36.89336643962793
38.542668564688775
36.009974920284314
37.41167693224334
41.168320452380996
38.88165257968894
36.31219994618848
39.465145963131334
34.62866433619995
