43.02111111111111
43.51240740740741
48.18648148148148
41.06740740740741
42.64092592592593
41.20425925925926
41.98574074074074
43.099259259259256
46.081296296296294
51.383148148148145
43.44759259259259
47.87314814814815
42.60981481481482
38.720555555555556
39.568518518518516
35.947407407407404
40.709074074074074
41.25611111111111
42.82222222222222
39.087037037037035
50.30203703703704
37.891481481481485
57.355
43.70759259259259
39.01277777777778
44.08777777777778
43.455
38.85425925925926
40.818703703703704
37.107962962962965
40.46462962962963
45.187222222222225
44.36314814814815
44.1037037037037
39.31981481481481
51.24777777777778
43.08259259259259
40.665925925925926
40.17962962962963
58.456296296296294
39.147222222222226
40.772962962962964
35.69425925925926
44.95333333333333
47.83148148148148
42.70648148148148
42.705925925925925
37.55851851851852
42.413518518518515
39.617592592592594
42.81685185185185
42.84351851851852
33.61537037037037
50.90037037037037
54.34037037037037
40.50574074074074
48.59388888888889
40.63722222222222
44.894814814814815
39.903888888888886
48.88333333333333
30.587777777777777
32.05240740740741
36.01907407407408
40.848333333333336
42.85574074074074
49.32314814814815
43.93018518518519
39.95185185185185
36.85037037037037
43.88740740740741
37.53907407407407
42.879074074074076
43.32611111111111
44.12425925925926
43.87240740740741
39.37777777777778
43.885
44.108148148148146
39.75333333333333
41.60888888888889
45.584074074074074
41.27148148148148
38.489259259259256
47.83814814814815
52.534444444444446
53.474444444444444
39.723333333333336
35.489814814814814
36.68055555555556
40.8387037037037
37.87592592592593
35.617407407407406
56.68351851851852
38.69611111111111
35.29037037037037
40.547407407407405
35.846666666666664
47.33722222222222
37.24296296296296
37.32851851851852
40.42740740740741
34.232592592592596
40.748703703703704
39.66425925925926
46.57259259259259
32.45166666666667
39.629444444444445
37.342592592592595
46.21537037037037
34.900555555555556
35.099259259259256
40.9637037037037
45.43537037037037
54.86851851851852
32.7
41.92018518518518
35.78777777777778
32.150740740740744
39.898148148148145
42.71666666666667
35.71981481481482
37.330555555555556
35.29555555555555
43.46388888888889
37.647222222222226
42.47462962962963
41.56666666666667
47.94148148148148
40.348333333333336
32.42111111111111
52.45925925925926
44.79314814814815
30.61314814814815
37.92685185185185
37.21092592592593
33.80796296296296
42.46351851851852
33.36296296296296
37.9062962962963
49.84444444444444
43.602407407407405
36.93425925925926
30.477037037037036
37.715185185185184
41.67296296296296
31.798333333333332
36.376481481481484
36.46925925925926
38.29296296296296
35.65574074074074
26.790555555555557
38.79648148148148
32.88685185185185
38.349259259259256
43.822037037037035
42.11055555555556
42.06296296296296
30.859074074074073
37.072407407407404
39.50925925925926
39.64314814814815
38.7187037037037
36.107962962962965
33.70944444444444
30.722037037037037
35.714444444444446
32.18240740740741
43.443703703703704
31.362962962962964
38.284444444444446
34.68537037037037
31.247592592592593
41.190555555555555
34.89314814814815
35.64851851851852
33.907222222222224
45.994814814814816
40.20925925925926
34.53722222222222
47.94814814814815
42.435
26.580555555555556
51.93351851851852
36.02925925925926
28.70425925925926
38.64425925925926
36.325185185185184
42.014074074074074
36.886296296296294
39.24574074074074
39.05425925925926
33.120925925925924
32.77333333333333
37.12740740740741
35.49462962962963
44.98
47.831296296296294
39.68222222222222
38.96666666666667
32.61796296296296
36.74074074074074
35.16166666666667
28.284444444444443
43.53055555555556
37.22851851851852
38.69166666666667
27.177222222222223
36.807037037037034
32.75944444444445
35.632592592592594
31.99037037037037
34.675925925925924
33.67462962962963
41.58222222222222
31.162407407407407
31.712592592592593
33.54944444444445
36.76444444444444
38.90555555555556
41.24
38.608333333333334
36.401666666666664
36.28388888888889
48.461666666666666
33.38388888888889
47.337037037037035
33.67740740740741
30.508518518518517
36.928333333333335
38.13
39.001481481481484
26.444444444444443
37.1887037037037
26.419814814814814
39.245370370370374
27.38685185185185
34.144814814814815
36.27092592592592
48.89907407407407
30.94925925925926
27.049629629629628
41.41759259259259
38.319074074074074
51.315
31.20611111111111
30.707592592592594
29.070740740740742
31.826296296296295
40.101851851851855
37.76888888888889
26.90685185185185
32.53314814814815
31.11037037037037
37.08
35.049814814814816
39.848333333333336
31.47833333333333
43.97203703703704
28.149814814814814
32.525555555555556
28.071666666666665
27.85351851851852
34.0087037037037
36.67333333333333
30.933518518518518
29.779444444444444
36.66
31.305185185185184
38.979814814814816
26.550925925925927
42.40018518518519
27.09
35.09703703703704
31.04425925925926
29.495925925925928
43.52851851851852
30.822592592592592
30.63574074074074
25.442222222222224
42.20351851851852
33.02111111111111
33.60703703703704
34.157407407407405
35.74296296296296
37.477222222222224
32.71055555555556
28.82111111111111
28.958333333333332
36.91148148148148
30.794444444444444
32.909444444444446
46.766851851851854
34.2987037037037
25.607592592592592
33.78888888888889
24.303703703703704
29.55666666666667
31.726296296296297
37.49759259259259
31.39962962962963
34.05
30.65851851851852
33.50925925925926
33.09
40.5487037037037
43.63462962962963
34.599259259259256
39.83462962962963
28.75
42.13944444444444
33.77037037037037
48.05129629629629
25.18148148148148
42.016851851851854
39.53944444444444
41.965555555555554
33.24925925925926
29.39648148148148
30.932407407407407
32.455
34.46388888888889
34.876666666666665
41.78092592592593
33.83814814814815
31.188148148148148
26.873333333333335
35.40481481481481
32.552592592592596
23.165925925925926
27.587407407407408
34.35574074074074
32.48833333333334
35.61388888888889
30.173333333333332
30.472037037037037
25.43425925925926
32.07296296296296
32.82851851851852
28.690925925925924
25.838148148148147
34.66722222222222
37.864074074074075
47.0337037037037
30.16314814814815
31.230555555555554
35.294074074074075
45.18981481481482
24.06425925925926
44.056111111111115
26.840555555555557
29.817962962962962
32.8387037037037
36.57074074074074
48.76574074074074
29.665555555555557
28.138148148148147
32.659814814814816
26.419814814814814
30.198333333333334
29.330925925925925
36.31962962962963
29.41351851851852
32.85981481481482
39.03574074074074
32.669444444444444
31.404074074074074
29.323888888888888
44.339444444444446
35.934814814814814
38.84148148148148
23.93925925925926
27.52777777777778
29.93111111111111
34.90277777777778
39.07925925925926
28.401296296296298
36.672222222222224
36.93888888888889
26.260555555555555
33.49962962962963
34.18296296296296
27.40222222222222
34.160185185185185
33.94722222222222
37.855555555555554
38.245
31.423703703703705
33.132777777777775
28.667407407407406
26.059814814814814
26.474444444444444
25.081481481481482
36.032407407407405
30.09351851851852
37.815185185185186
31.84925925925926
41.090185185185184
41.64574074074074
29.118518518518517
36.569074074074074
27.261666666666667
27.07351851851852
33.67444444444445
37.76351851851852
29.389444444444443
28.288333333333334
36.57296296296296
30.829814814814814
26.975185185185186
38.29074074074074
30.100555555555555
24.91037037037037
40.51814814814815
23.82759259259259
31.403703703703705
32.17722222222222
28.000925925925927
31.261481481481482
48.43333333333333
36.34574074074074
24.94814814814815
45.9637037037037
31.083333333333332
32.9087037037037
25.670185185185186
35.65277777777778
28.55925925925926
35.76185185185185
25.227777777777778
33.44925925925926
33.349259259259256
31.622777777777777
27.14296296296296
29.707592592592594
27.84037037037037
25.77259259259259
26.654814814814817
34.322037037037035
30.85796296296296
24.271851851851853
40.10537037037037
21.551296296296297
38.837407407407404
27.645
32.6
35.03981481481482
39.127037037037034
26.327962962962964
31.504074074074072
28.34777777777778
28.099444444444444
25.41296296296296
36.53574074074074
24.415555555555557
28.894444444444446
23.992962962962963
27.60611111111111
33.71703703703704
36.85537037037037
24.561296296296295
34.91277777777778
26.13222222222222
33.85592592592592
46.041666666666664
27.183888888888887
35.4212962962963
27.663703703703703
30.910185185185185
31.348148148148148
28.217962962962964
43.97611111111111
38.45166666666667
29.493518518518517
34.2187037037037
28.567777777777778
31.23314814814815
28.272407407407407
31.814814814814813
32.0062962962963
26.741666666666667
28.640925925925927
28.425555555555555
34.57740740740741
30.26888888888889
31.290370370370372
31.3
24.42851851851852
32.861666666666665
31.615925925925925
32.34740740740741
26.684074074074076
30.639074074074074
31.81462962962963
24.840185185185184
33.86222222222222
24.99574074074074
35.69962962962963
27.246666666666666
38.82425925925926
