71968492.0
64861710.0
84597766.0
56594748.0
63279772.0
61577271.0
65970096.0
66638789.0
93364536.0
93934591.0
70301719.0
86668571.0
75057340.0
55998306.0
64196569.0
55510375.0
60167568.0
66576378.0
72672999.0
63824229.0
93917621.0
61089177.0
106020183.0
76136009.0
63519116.0
71729754.0
76348026.0
62631548.0
69422185.0
57094790.0
62255114.0
77970056.0
76519843.0
65411251.0
64580587.0
88667168.0
73367972.0
57838096.0
61974331.0
108443737.0
59767817.0
63129083.0
50400341.0
71302872.0
87090199.0
65340064.0
59289068.0
60023383.0
66329335.0
60334510.0
61310279.0
63315280.0
48420223.0
85827606.0
92285623.0
59804793.0
78803429.0
59055654.0
70365799.0
52878189.0
79462778.0
35624611.0
55209275.0
47545496.0
57611077.0
67836713.0
81997323.0
69002081.0
60771480.0
47319648.0
64642967.0
54802880.0
65529696.0
66758785.0
66336473.0
68083314.0
52550248.0
65693609.0
80405270.0
53836371.0
62081355.0
73347067.0
55195101.0
56515780.0
74927456.0
82184136.0
91693985.0
59772862.0
43508351.0
48419868.0
67943885.0
51819418.0
42632182.0
98348705.0
59699639.0
45084306.0
61379551.0
45947891.0
73825811.0
45379802.0
56445398.0
55319682.0
44261952.0
59277891.0
62375861.0
71340317.0
39396249.0
55988700.0
53931244.0
72325492.0
45238478.0
44674159.0
57697975.0
70508158.0
93378792.0
43758657.0
57533056.0
52251965.0
44021931.0
60797273.0
70828262.0
48233852.0
49676629.0
45112834.0
76436016.0
53191228.0
59198359.0
65574867.0
68726735.0
54262149.0
41526057.0
81412723.0
62798687.0
35630838.0
54107486.0
44796804.0
50153245.0
58443497.0
45930396.0
50806507.0
75810289.0
61071808.0
46929078.0
34017719.0
53957383.0
58545066.0
41831235.0
47097185.0
45402535.0
49110419.0
45615024.0
29286460.0
54994779.0
38643294.0
61792543.0
70260792.0
64205008.0
67880853.0
30181007.0
52271996.0
52685428.0
57124328.0
59885753.0
52982578.0
43804852.0
35675616.0
42307001.0
39684416.0
63789309.0
34491842.0
60572898.0
44708456.0
35656588.0
65601329.0
42748845.0
48235025.0
43142840.0
73086055.0
59087997.0
43952897.0
77726629.0
60542456.0
25164165.0
84577218.0
41985586.0
30283439.0
59029478.0
48932132.0
65941842.0
44645469.0
57854187.0
52270544.0
36441485.0
38542090.0
52977040.0
44050615.0
67728597.0
78894897.0
52509859.0
54944331.0
39731709.0
48724454.0
49007555.0
34427456.0
67809873.0
54695006.0
52039886.0
26266250.0
56631200.0
42095992.0
43630980.0
33713108.0
43936437.0
44952716.0
57436731.0
38117094.0
38134101.0
43883715.0
46012637.0
50348328.0
59961550.0
54415070.0
45561293.0
48572773.0
80974759.0
44781204.0
75968593.0
39068104.0
35111749.0
48997320.0
58827831.0
56635404.0
27110744.0
48380592.0
30065526.0
54350513.0
32692518.0
46166512.0
44777561.0
82537792.0
34597256.0
30402196.0
61743753.0
47485750.0
78296241.0
36059630.0
34153698.0
36373321.0
41557075.0
56521601.0
50766931.0
29842741.0
37194894.0
37071851.0
48138263.0
43443657.0
62982402.0
35580334.0
65822800.0
29639547.0
40496922.0
33073091.0
30048211.0
38730869.0
50591953.0
33086682.0
33110382.0
49607353.0
43312190.0
57123480.0
27774101.0
59728450.0
28175509.0
40998770.0
36149513.0
29822511.0
67942975.0
34708702.0
35533506.0
29118596.0
56689172.0
38097773.0
40831074.0
47055202.0
53240834.0
54021248.0
38059276.0
31602887.0
33139780.0
48204012.0
33739087.0
38514388.0
76112477.0
41021058.0
27922775.0
46038868.0
22608389.0
31126201.0
37277807.0
48875812.0
35991378.0
45657025.0
38671735.0
41934418.0
38142061.0
64179505.0
64237138.0
40990123.0
52983636.0
29041228.0
62585472.0
39699940.0
76587078.0
24292775.0
61581526.0
60692644.0
58316070.0
36409598.0
30737533.0
30730457.0
45771291.0
46316495.0
41933305.0
60040251.0
40934500.0
36945289.0
30288698.0
50181879.0
39450930.0
20990705.0
28236042.0
41890205.0
37664538.0
50109346.0
30737867.0
32806744.0
24695431.0
39837720.0
43288331.0
30332160.0
26387575.0
39752361.0
49815218.0
80121276.0
29706773.0
39681585.0
43262889.0
60876564.0
25978843.0
70631747.0
29190009.0
37407819.0
44583366.0
49814182.0
83708370.0
36443719.0
27026426.0
38871651.0
26341197.0
38848007.0
33111312.0
54415384.0
29781775.0
40722245.0
55753384.0
38722939.0
34743832.0
33075354.0
64674748.0
49996514.0
53204973.0
22587603.0
26852532.0
31106967.0
41805660.0
50401761.0
31921148.0
53001539.0
45167639.0
23514468.0
42522373.0
39301813.0
27919745.0
41989457.0
44410951.0
53634301.0
48980221.0
38021474.0
40485446.0
36840047.0
25228239.0
28935105.0
24384164.0
47986486.0
31101754.0
60749858.0
37376141.0
51923317.0
55997601.0
28930313.0
40385451.0
26836545.0
25807053.0
37672641.0
57677454.0
31025456.0
33166506.0
49912090.0
31807916.0
28490152.0
58286852.0
31442544.0
24610703.0
53669136.0
22609268.0
35888228.0
37433002.0
31344528.0
36134021.0
76414969.0
45680168.0
26031959.0
75303988.0
32997164.0
35564765.0
26580448.0
47212548.0
32207480.0
44972452.0
23714508.0
47023011.0
40779016.0
38887867.0
28621509.0
34286629.0
28275492.0
24014110.0
30767775.0
41324000.0
32932541.0
21865962.0
55106524.0
17275815.0
53617408.0
27612663.0
35023034.0
42998850.0
54571430.0
25647200.0
36796503.0
31924199.0
28109144.0
25922629.0
55297152.0
21154893.0
29004271.0
22583452.0
31063225.0
40525707.0
47982253.0
24938402.0
41490353.0
25440563.0
39490583.0
67367880.0
26130601.0
48709178.0
33142763.0
40475683.0
38429857.0
28741000.0
63999469.0
46757183.0
29383412.0
49270511.0
30136244.0
31398210.0
29144771.0
36572733.0
33160421.0
24564503.0
29015309.0
26508556.0
40230745.0
34534430.0
35781048.0
37823927.0
22278179.0
37893196.0
32917050.0
34066982.0
25558658.0
36360911.0
39106878.0
21041694.0
40324410.0
22404061.0
41600741.0
26231121.0
49695281.0
