19207989.298224296
19407037.36155138
21055281.032183822
18288049.71153545
19125648.008098602
18304154.320431717
18817821.84651718
18997688.010321848
19462944.467218343
22161362.605110057
18994053.7444905
20893349.39147675
18921324.18241871
17630751.120492958
17518624.06984638
16303263.534989225
18344900.46379041
18014336.66623596
18986282.658069488
17584985.036441162
21543756.211761873
16960656.006635774
24167594.99532563
19027202.471304778
17457158.065502923
19236867.3504991
19191764.939995173
17443235.06826134
18495917.399280783
16816474.66404151
18050061.592392854
19508167.775474563
19327591.649306864
19861100.020024013
17559305.287704267
22142021.218895964
18862135.21963119
18667591.810268026
18329577.287906498
24970657.40227743
17906962.923259832
18355428.977639128
16301930.004208993
20267561.28576625
20584981.103925806
19297334.004563548
19799214.036424447
16999645.85528433
19092568.30800603
17487837.886132628
19302249.487789903
19671342.876142047
15606685.190503567
22441691.19293116
23582876.226613358
18335914.87362503
21395502.936849862
18291533.419208273
19671747.11850487
18434018.658112314
21543487.4339165
14649269.688874537
14557013.271029068
16428072.200493274
19107897.429472294
19243467.75375751
21281754.891761597
19906283.904825434
17792417.298878927
17179961.931358915
19899483.610162824
16892890.121628933
19109912.860630225
19574755.619958192
19559954.129746202
19851286.10975104
18248734.285894167
19648805.901318356
18971189.09045612
17944049.631030556
19326037.53421514
20337996.01633431
18552409.118338473
17367068.70785768
21130628.68323571
23045588.779807556
23346815.009152044
18338658.383678455
16862282.25295523
16832116.54825457
18281003.428259976
17399724.341990404
16703663.747724315
24669897.116199914
17786345.52452774
16128770.280808179
18210707.591688804
16438788.590778548
21210075.864852536
17069141.86525563
17275738.167887926
19126932.941042062
15774305.816172982
18758598.052446406
18054373.310229138
20836750.377843164
15314923.760624265
18298154.247889526
17396309.337836444
20598749.050943878
16507360.812077394
16246670.735591149
19193104.04280371
20202198.392167773
23696235.392461676
15174218.766690519
18901248.087181408
16438299.439550063
15050301.594272112
18192851.476441417
19018969.619546957
16132231.917637993
17120929.509768654
16455336.396821482
19130408.650198627
17370476.5763263
19329507.623529535
18526229.58665281
21825194.984994307
18653980.607490506
15152002.854299424
22958236.997721016
20421725.084554423
14802671.041829068
17226528.72814075
17261210.13183493
15323727.709563453
19237576.148623787
15381916.19440102
17437401.15920978
22274927.719330583
19750026.78959193
17329802.381830774
14309265.394512253
17022354.18690285
18596759.273196578
14840381.447475739
16834382.39857048
16964540.941747185
17520764.960666806
16370054.281453772
13135889.85400222
17995671.625903912
15716652.77034965
17068576.46149299
19708834.60334249
19017238.869273342
18935822.366585687
14859378.773613831
16901810.863120217
17996134.53218378
18541666.878943507
17790863.80745949
16451262.228051763
15802383.693211416
14864355.218113635
16674412.85638926
14995830.23759172
19581760.05554375
14711777.246371679
17086248.582983397
15955691.81519583
14874327.6704342
18189308.069395516
16128050.137573877
16392650.40322755
15961383.600582302
20629232.27473544
18666932.610339765
15984856.477492519
21037218.58782453
19156023.833468854
12779090.732868552
22854814.442892186
17064826.489979953
14232930.20693902
17477138.777300935
17062669.432564307
18335309.22721282
16988032.331582673
17993151.398000274
17655161.44578158
15436066.610732585
15424989.647182206
16990717.49749424
16382880.51108663
20116695.99223643
20934396.6728849
18283646.54326967
17640966.416176908
15563801.519779306
17374678.60069872
16328482.002393283
13480098.026868848
18958483.06606953
17144926.78273727
18011571.334592193
13068925.318365924
16679009.224072175
15321648.062600438
16271373.303742709
14912289.728524432
15980355.479868911
15771311.082261989
18777453.11693322
14827577.17402933
14965652.086151341
15548028.087808575
17006636.889689114
17897955.003565066
18866577.18320451
17786174.1172013
16636737.966260519
16979624.12865543
20896831.73268241
15845862.387824163
20919259.128297772
15753298.207308404
15112269.844923092
17203936.231844433
17483296.215000443
17401621.65119646
12799040.79861295
17642387.036138326
12848045.826203281
17705340.641423613
13276733.301177397
15802774.529523037
16409072.520653212
21671488.47194603
14906903.510801578
13122436.34845859
18642840.963508636
17746600.2782071
22465957.10044865
14311687.871257404
14389894.732337676
14318528.218591236
14760991.616904838
17888001.772256084
17452265.605856325
13171773.222233925
15497339.9099308
14616414.320561739
16947546.019428916
16648477.16810198
18580992.071785454
15424752.579079106
19533602.145207398
13308734.958831318
15354432.604822498
13596981.930918775
13556326.472614245
16055084.788956065
16822081.328848753
14645162.950413886
14269039.18194303
16928300.029321562
14603124.517320732
17409116.31597747
13228192.892658148
18917294.6286813
13095464.834757306
16279137.947640702
15016899.602514606
14180507.652684825
19340411.09801188
14801580.119686171
14377834.152867712
12428128.759724317
18951383.021905262
15453873.460388588
16264128.95939392
15883172.086669136
16413161.45548962
16845665.654293917
15164754.696495349
13714935.746833213
13952293.140193138
16724840.350210177
14838456.061914004
15657277.430865144
20431814.218081936
16075787.162751542
12495986.153736986
15674897.938271038
12141797.384562632
14317659.324603258
15033170.53084995
17188562.001608737
14995161.84676233
16244113.562721623
14468750.37807468
16030222.392655605
15834864.35453353
18372061.80729133
19527695.78388792
16072298.116727095
18145658.187122725
14140591.761157857
18568638.320044428
15909824.023757074
21157379.445779484
12224179.82209286
18567798.930420235
18410104.732515696
18689532.276298944
15754320.436858807
13983018.112439174
14588379.07921846
15248384.839825679
15849582.22811835
16259330.303275311
18873281.359880794
16003844.360705582
14657915.685672121
13017085.493210465
16265542.752961252
14913577.185406473
11448292.815423815
13136793.339103045
16141645.544820897
15233886.973052615
15991098.944095865
14646821.308075193
15009246.017760418
12501642.390513454
14863962.740073508
14946181.149813106
13638090.597663498
12410901.660157798
15964284.316780848
17505313.614985976
20757522.011899237
14426550.37824449
14642081.005791923
16454797.129927395
20087855.713727985
11777309.799312329
19601842.66616344
13031096.318996834
14101213.439088963
15594146.846319819
16614016.597707015
21274074.13029474
13818722.987115785
13761288.733651148
15236245.043220077
13094879.651415832
13989439.88086927
13616254.0117008
16294645.178960338
14270160.45784448
15397819.082013361
17793924.204376977
15575006.231889214
14578702.568221536
13784292.84374219
19694739.538414016
16465400.450308478
17616872.65446316
11781164.13402627
13260829.996837184
14407520.657695875
16646333.52970775
17815156.29348969
13638376.805766638
16687442.724162513
16880875.630945295
12739529.647903668
15518503.980955567
15886400.81133776
13236742.047407068
15779599.270962846
16057553.884514654
17187976.144789834
17039616.820444155
14847232.141311416
15377094.105651665
14083115.86776066
12521375.707677439
12905160.969290508
12031768.30661367
16503108.855600655
14420246.545323307
17700128.00488161
15159785.058046699
18789426.131981466
19127938.40439669
13851763.926083103
16941446.839816142
13138871.758763826
12957154.834465025
15885893.43434347
17361993.973512653
14359295.63526362
13481702.70024874
16472113.786192749
14833239.715076933
13307048.50422437
17624993.723764077
14123751.6701142
12100706.829801872
17988023.464817446
11830643.351833476
14491359.210374108
15130935.14429987
13754615.867224945
14846798.715682942
20874927.61782872
16662037.859293533
12244732.771089839
20344347.308357716
14590043.536099812
15364313.90556462
12572018.348442636
16412140.176133774
13669455.16686649
16242861.607673977
12120077.372267488
16077359.134992115
15805055.923805745
14645160.338664373
12887940.461069787
14250124.88669478
13688791.487408776
12589160.549980795
12803823.080205096
15869539.61727851
14493012.164846012
11799397.493752733
18134018.819464058
10821512.958450327
17647624.245761383
13200780.732632726
15180301.359430347
15935429.035978641
17418938.1102609
12961157.296980288
14469623.934233116
13375511.037447577
13390142.626938952
12114524.80168492
16786829.61322009
11785752.313893313
13641300.545378065
11468706.64191489
13219715.337721976
15776549.681397157
16573692.613430575
11992292.214928357
16171836.476089498
12739580.674444789
15710889.962486506
20389120.794697024
12944777.436750146
16388036.25986951
13284860.681885073
14429916.049350483
14301498.082408514
13490194.47035716
19486332.763442967
17433968.541136857
14068956.559910037
15544127.782732518
13634761.403228676
14650057.175141433
13507680.26176983
15019875.066237668
14851238.490311382
13069558.758120084
13513862.192216225
13791328.7317625
15945269.787442047
14134419.983927371
14589002.250768738
14637071.252684584
11821825.515476674
15424343.136257933
15296038.49016
15157267.57887243
13054509.919402076
14434046.29305063
14461025.534369625
12019625.260069411
15320964.992480027
12169563.400458679
16417932.952739615
12951028.004163066
17416742.13544056
