-50249.0
-38469.0
-72827.0
-39054.0
-53724.0
-52948.0
-40748.0
-41416.0
-48249.0
-40481.0
-30826.0
-34709.0
-67143.0
-37331.0
-51492.0
-26346.0
-29606.0
-35573.0
-35371.0
-41007.0
-36935.0
-23718.0
-88707.0
-36512.0
-37875.0
-33276.0
-29734.0
-33334.0
-27544.0
-38257.0
-46320.0
-26752.0
-55722.0
-31889.0
-30640.0
-49902.0
-48281.0
-40678.0
-31265.0
-59861.0
-22295.0
-19104.0
-22693.0
-28946.0
-25333.0
-55632.0
-40635.0
-58867.0
-34724.0
-28251.0
-32292.0
-21186.0
-20249.0
-37434.0
-73978.0
-32112.0
-41843.0
-38331.0
-25345.0
-20342.0
-56790.0
-30491.0
-25906.0
-14543.0
-50177.0
-36294.0
-18517.0
-18871.0
-24508.0
-22382.0
-19522.0
-30647.0
-37309.0
-27210.0
-21637.0
-28304.0
-22777.0
-29850.0
-19299.0
-24268.0
-33584.0
-36321.0
-32009.0
-15226.0
-35696.0
-47426.0
-47782.0
-19407.0
-21013.0
-24874.0
-20028.0
-17922.0
-22709.0
-36736.0
-26911.0
-27906.0
-40700.0
-27428.0
-54663.0
-15596.0
-20198.0
-63227.0
-15290.0
-21388.0
-27043.0
-45380.0
-20230.0
-19306.0
-17938.0
-34439.0
-15541.0
-19357.0
-18181.0
-18037.0
-51695.0
-20078.0
-30104.0
-30573.0
-50068.0
-23164.0
-30307.0
-21466.0
-21260.0
-29284.0
-19298.0
-20327.0
-20267.0
-24265.0
-28471.0
-26947.0
-17918.0
-36955.0
-17052.0
-12254.0
-16404.0
-20787.0
-20700.0
-22947.0
-16951.0
-20981.0
-37590.0
-13975.0
-18714.0
-22938.0
-23851.0
-21092.0
-14621.0
-15370.0
-24222.0
-18072.0
-26596.0
-16321.0
-17976.0
-16403.0
-21935.0
-21707.0
-17204.0
-23078.0
-20351.0
-21663.0
-41358.0
-25899.0
-14422.0
-21712.0
-18884.0
-15692.0
-15500.0
-17041.0
-19291.0
-17401.0
-26023.0
-16784.0
-16025.0
-35335.0
-21438.0
-16166.0
-15004.0
-45645.0
-69316.0
-21995.0
-43909.0
-35629.0
-12503.0
-43181.0
-18642.0
-15078.0
-17908.0
-14787.0
-16863.0
-21251.0
-20303.0
-22941.0
-14528.0
-9918.0
-15288.0
-16852.0
-12100.0
-36197.0
-16581.0
-17863.0
-18124.0
-21733.0
-17351.0
-14587.0
-33569.0
-12562.0
-44063.0
-16089.0
-15992.0
-17550.0
-13293.0
-15943.0
-20233.0
-24209.0
-16455.0
-13702.0
-18683.0
-12544.0
-12933.0
-13940.0
-15593.0
-13318.0
-16361.0
-16179.0
-44779.0
-15165.0
-34798.0
-17082.0
-14875.0
-15952.0
-13230.0
-16184.0
-14296.0
-14411.0
-13065.0
-14323.0
-21164.0
-16542.0
-20314.0
-34274.0
-21756.0
-16054.0
-16135.0
-17468.0
-34344.0
-17502.0
-22138.0
-15654.0
-19329.0
-16944.0
-16576.0
-14220.0
-14984.0
-20201.0
-17555.0
-19363.0
-45971.0
-16918.0
-16435.0
-15741.0
-15864.0
-16230.0
-14534.0
-15950.0
-15566.0
-14332.0
-15985.0
-10359.0
-15643.0
-14258.0
-12492.0
-35747.0
-14468.0
-15543.0
-17684.0
-10108.0
-24680.0
-13156.0
-12775.0
-17810.0
-28720.0
-11685.0
-11075.0
-14373.0
-17693.0
-13026.0
-14457.0
-14034.0
-14144.0
-13725.0
-14568.0
-10471.0
-18413.0
-18030.0
-9927.0
-19461.0
-15828.0
-15040.0
-16724.0
-19283.0
