20477841.150617655
17358174.97200015
24339933.098480914
17818794.722262442
20829938.477281913
21084484.76566104
17431378.717573516
17960153.073970415
17380802.054110657
21659826.733993936
17097588.930203583
17117626.273949265
23428764.025332425
16459471.001529455
23571096.645031564
14533856.287872875
15853681.208782021
15835052.03624519
17069687.243637636
19100089.46041817
16530762.890070546
13080524.243996307
24006486.995171417
18934552.039102558
16775355.843900044
16517118.932144163
17108533.174839538
18123416.00799046
14008063.920733174
15554221.226229163
17444994.599602733
15686624.395257138
20225472.118116718
15726432.644123431
15421751.50922978
25381329.59600833
18713323.72734898
16990274.05015471
16476234.579275314
23651997.504324127
13550582.052718883
12735281.742900798
14778506.737932032
15463795.69431272
16712279.399344064
19036343.11948503
17520930.806576885
19087307.042208545
17423333.85159474
15235410.39630415
15392622.309142949
12955137.639182365
12587250.199900828
16984756.5067617
24115431.72222901
14939284.643333955
21956319.825349823
16865223.658361144
13821129.747058736
13396780.720884366
24070281.173579648
16762564.27590843
14644537.396735255
11141724.796937175
19413776.19567687
17574833.25773299
13366907.45720558
13992311.375077402
13744732.010486726
14129610.043866642
13445010.27218902
15239872.640553012
17206994.902863227
15119948.214858094
13196993.454032656
14961744.02765135
13233879.07601136
15965686.445903488
12111207.421328645
13374148.19030405
19466054.559970323
16626519.331004927
15401762.165233834
12281059.93974454
16985224.69068038
19456022.992122237
22388640.88343359
13662452.599157307
12993747.002706964
14657782.5186298
13308246.074266741
12559386.838915555
14011037.942695323
18857173.01576739
13727828.693562115
14832320.366020093
17700450.192635804
14010230.471255867
22092953.50793035
12309932.826064074
13197868.390197458
22593494.77618871
11436457.054635808
12896497.265560873
15801305.148656843
20593072.33746229
12598093.437312476
12188557.860944854
12473318.902689537
17966904.110601034
11151712.595851485
13102376.985536383
12863662.263673663
12065900.454528771
22208459.275906183
12575509.455977147
15613257.917122135
15420237.875227166
19072739.933726043
13897241.63107063
15229852.846077109
13022668.68475868
13763566.992627328
14584514.1404222
12015487.022924477
13512849.358858244
12007021.843085319
13225111.857956415
15752960.845319321
14998408.964169266
12967871.448946377
19297051.88959808
11846801.286059203
9781878.249755649
12299563.190974647
13087563.27170338
13615497.275354587
13407272.535760697
11674808.651888432
13014938.724554496
20773703.999118432
10855240.152892945
12697502.05472345
13353646.092337564
14224644.122345528
13786121.791108308
12152634.142731726
12035108.86346951
14099341.421676513
12006628.165863244
14032178.027066648
12759392.339020927
12234809.375156397
11803291.873759698
13318881.054895436
13241649.737026883
11811301.367638744
12890125.132587312
12403427.176918173
12766729.152735796
18677429.112758435
15291121.095550869
10824582.346695181
13308614.51125629
12717162.96035167
11308241.73522603
11973195.765949324
11531891.861074463
14145482.490544226
12685722.724515572
14572449.979535641
11341595.289493393
12175426.832900625
19184853.547119882
13177831.293783426
11697184.111690646
11077789.93772823
21897871.158637777
21413557.092702158
12700147.090757612
19485329.040240664
18833439.84525144
10432483.52007046
17694035.93842573
11590776.184002152
12212466.773729617
11908952.257455155
10881968.409377508
12508345.604145832
13514390.178296646
14242825.020182356
12712742.101755854
12020476.599513875
10221149.660609609
12222509.870310754
12244337.885962099
10550076.068919262
19861791.2297733
12189029.128334284
12859621.980122253
12490466.156275988
13535684.636881545
11971997.106230818
10934365.884811422
20040144.99644379
10443457.527533013
20356959.850742403
12223336.184885446
12354654.6784235
13473627.853240255
11468239.257184442
11287355.921795415
12899022.524839727
14263111.158281416
12787902.7431583
11795152.412494464
12359981.90632633
10375799.02098793
10980599.255904896
10905112.900901455
11498907.562372996
10650530.237244042
12130196.728559544
12013726.561088765
20833949.24369794
11078039.308756966
17879918.732432127
12725583.121672394
11354938.235376574
12281340.757879712
10735520.620013312
11939482.454451168
10538949.145656114
10779660.523644483
10656272.541907994
10890392.162295332
13548821.765954753
12486388.943027357
12967549.993674096
19172106.075380433
13536472.37943078
11222917.268382989
11483324.334176678
12830963.60245909
17265183.521964017
12494950.041553918
13158064.21545322
11974513.456340298
13166451.105475975
12602335.020527901
12842592.861995045
10811305.50704808
11799712.142197046
13403283.656427626
13259053.703820692
13905893.67323322
21007426.20569154
11984184.639300019
12566121.430677095
12079703.388711369
11483831.104275407
12221203.504529808
11297823.020648602
12827665.157864274
11762978.136610217
10910409.825377619
12362850.143497715
10828842.315143745
12840171.57704122
12395978.711019648
11118149.716031147
18323932.273663014
11976504.371316347
12425783.180469206
12281207.994682482
10524833.25264018
15395409.243867315
11047822.431573046
11581148.178135276
12574923.118598204
17333605.299251333
10897106.718078176
10561161.294087412
12003471.167284137
12500191.807880588
11223474.765175207
11706924.74216772
12332962.778934857
12681556.27367857
11793966.687848445
11850989.25196081
11214593.948483929
13515847.528484752
12744438.805035995
10757360.085544657
12820990.753345024
13584563.7511421
12530439.728049926
12641196.74415465
13163500.934544936
