62611657.0
40943789.0
113893780.0
41178935.0
72936521.0
65206094.0
46181486.0
46792126.0
51088692.0
63731875.0
39104013.0
35152444.0
92581753.0
34296368.0
90944281.0
22589255.0
28594410.0
29516473.0
33778221.0
48840691.0
32449492.0
17893649.0
137581779.0
53418729.0
35780145.0
32348643.0
34561346.0
50392720.0
21147017.0
35094698.0
45189950.0
26029419.0
66485095.0
28749747.0
25589767.0
80348932.0
49084813.0
31357658.0
30812649.0
81394431.0
18438623.0
16099362.0
22025575.0
29698127.0
32166283.0
49208711.0
43018075.0
70632923.0
46377350.0
26573082.0
27338842.0
16628776.0
16433654.0
47243211.0
120007816.0
26092030.0
62185693.0
38691276.0
20173579.0
18446985.0
88337040.0
30555183.0
21668697.0
9602770.0
54660320.0
42483865.0
16660327.0
22742461.0
24069568.0
22180288.0
19403115.0
25710585.0
36601996.0
26246427.0
16855535.0
22529418.0
16296793.0
28693950.0
14584932.0
16991894.0
41533924.0
32946500.0
29347752.0
14172027.0
38502594.0
53962422.0
71478090.0
19442910.0
15945338.0
22151156.0
17170889.0
15111961.0
18171890.0
43891215.0
18064042.0
23229853.0
43855844.0
20041208.0
66797049.0
12923706.0
16653312.0
82845113.0
12457749.0
17984010.0
26466479.0
58382170.0
14425023.0
14002000.0
13328397.0
37902278.0
10258321.0
15181313.0
15422717.0
12228350.0
81821815.0
14862369.0
29000105.0
27246122.0
59298118.0
17204615.0
26354578.0
15518347.0
18231597.0
26238469.0
13745048.0
19158512.0
12094122.0
17667758.0
27156412.0
26288248.0
15398783.0
43637030.0
11991159.0
5894927.0
14342154.0
16992065.0
19070497.0
21179557.0
12690008.0
15681606.0
57818078.0
9176812.0
16116026.0
20019907.0
24374109.0
20157349.0
16059664.0
13948840.0
19142651.0
13305331.0
21711610.0
16098984.0
12139446.0
11136280.0
18590557.0
16310888.0
11734450.0
15309624.0
15691945.0
15161962.0
54329532.0
24352128.0
8799906.0
18573709.0
15174476.0
10034600.0
13369050.0
10550025.0
30585080.0
15137372.0
24860501.0
10555265.0
12878955.0
41149835.0
15952645.0
12269414.0
9564540.0
54899554.0
82397340.0
15478739.0
58863466.0
43462545.0
8051870.0
47737272.0
12682715.0
15780053.0
13081392.0
10031962.0
14133799.0
18109707.0
21634975.0
15073922.0
12488501.0
7959134.0
12789712.0
12519273.0
8774623.0
59165901.0
14026300.0
15854354.0
15313060.0
16937295.0
12426748.0
9680709.0
45931294.0
7936450.0
54957741.0
13212372.0
16120047.0
21286696.0
11499332.0
10460874.0
15360745.0
20340959.0
16499839.0
11264537.0
13139649.0
8473261.0
9562179.0
10135220.0
10331745.0
8244281.0
13222111.0
14622271.0
56419101.0
10072503.0
51342551.0
15796810.0
10925876.0
12552582.0
9138248.0
12182456.0
8061404.0
9377187.0
8066147.0
9956359.0
18481919.0
16505047.0
15753770.0
44252216.0
19162915.0
10080513.0
11155451.0
15403901.0
39854862.0
14167892.0
19838897.0
12881033.0
19348636.0
15024835.0
14542980.0
8800570.0
14789940.0
17691461.0
17541165.0
20208601.0
58403879.0
14823744.0
14206575.0
13137024.0
11868678.0
12875055.0
10438503.0
16568467.0
12149605.0
9448450.0
14041105.0
9234453.0
15177574.0
16646130.0
10002929.0
49294557.0
14541055.0
17438390.0
14573292.0
9591964.0
24040058.0
10145899.0
11095228.0
15246085.0
32134042.0
9648377.0
8963782.0
14624074.0
14742910.0
10893294.0
12337874.0
16373565.0
16182456.0
12167103.0
13717186.0
10315850.0
22105790.0
16098449.0
10347287.0
16184046.0
21402573.0
15746580.0
16008502.0
18065465.0
