61.12179298278558
62.05283939230279
61.36628072601113
62.261674923497445
60.503268808736884
61.4673359516148
62.318633472379915
62.009880626930055
62.06302282179299
61.76008869668071
62.369259900276646
62.931296706645725
61.25514807660128
62.27690281182048
60.51787786682145
64.13392482194375
63.93391053827052
62.39832822441554
62.35024883042192
62.502772339264865
63.65336595862102
64.35382453565971
64.80060315714697
63.026874840922666
62.05679500266379
63.345307680957916
63.794697953845485
62.32598382569695
63.64814904935686
63.91836556013331
62.96133296831622
63.84402337269742
61.893303550191554
63.639957638766724
63.01142060242692
62.425143953281946
64.06089593066793
63.23025154631608
63.388052277022155
63.71803356243074
63.889689565863506
64.75697100813119
63.332422373424215
63.8634373125742
63.22388105779495
61.359769691655806
62.19550892479776
63.540101685396564
63.407802662087725
63.36137520362315
63.68612509673291
64.27180324264667
64.92476653483087
63.53758017296962
64.56337354737619
64.99098517616194
65.50936478282463
63.552548704754294
64.87027739070072
65.20829315782053
64.95038935482181
62.534862610746714
64.3844469310344
64.21072917564223
63.05448304912422
63.43571363140842
64.3279355306764
65.09448899431708
64.0943088418989
64.70160909499928
64.61468878845297
63.73359071254366
63.34686113570637
63.57561859441713
64.29406641568279
63.6725269433362
65.05389453523345
63.76915882188291
65.68494366662638
65.3000611021413
66.12023710801041
63.17977716831781
64.54562922056908
65.19188297564384
64.05435280051547
66.67409018351228
65.6575429422772
62.62258959100114
65.24561631372907
63.08624721731981
63.95903765921478
64.65883796244297
65.10772082699164
67.11113120039755
64.22651894980241
63.25641589838445
63.747046025847126
64.39082458919007
65.68172528266567
63.917864610726646
64.06520693385423
65.62657739497747
66.18369031321029
65.318627013777
63.097823636623
65.88648672266257
64.93514159978604
65.20452650763823
64.79151144504777
66.64611873084945
64.5094513565394
65.49410461481345
65.66723992173716
65.42515069006362
67.50925348142141
65.70075463314204
64.35950697809731
64.27211787668904
62.74212736189027
64.17154399813026
63.88016909389899
64.59641464929771
64.03483838960031
63.85509805560528
65.93244944030906
65.62591990866044
65.75517441283192
64.23957641698725
68.00934302950566
62.89396799441422
64.81746561838041
66.36117369245416
65.32655911477966
66.51193550239104
64.19573227580453
64.97852528155934
64.24892296725808
65.30011949149795
66.45529205599489
64.32717344917168
66.29489251820756
65.95617028390677
64.74646948823752
65.06062605756651
66.41947428042972
64.87920177772402
66.28648921293298
65.72492837230827
63.9901371211419
65.32993914618442
65.97116410260455
63.88976056119033
64.75040992512137
65.48946317967378
64.46529627136819
65.20107632826462
65.25310328936719
63.584456916320775
64.2206886687169
65.85450565281069
66.37626506577058
62.1352352182443
65.26144643357581
64.3595266603579
65.8242059753077
65.8282659152504
64.18047151418706
65.62846849613092
63.798351647307015
64.631887044263
65.34956969171436
65.12854995816434
64.34756284623859
67.44612619577178
65.39352487467174
65.04203006648764
65.39743552386136
65.50333860270494
65.09629253266849
64.6378957608637
66.23044284411588
66.91168896886765
65.64110430851987
67.55681777583078
65.83797195125727
65.66375976565737
65.05852121725773
67.00379297337486
65.25426236199247
63.60986405795691
64.88440405384442
65.6243112228205
64.41638622996787
64.66389254498779
64.46100890885658
64.64454886315623
65.05158309185309
66.63050324938928
65.22763693061316
63.69046406981019
64.11694063751088
64.42828985198797
65.09762792450759
65.23907356569491
65.3738466686815
65.30325093960406
66.07728445518784
62.39309665914878
64.6213996519511
64.97106954378738
64.02346707803608
64.7030253411682
64.35700238846242
64.16586519482432
65.93646618503853
64.1999864767841
63.486356310527384
65.45310120818098
63.216879407273396
65.69663594038016
65.57733791891806
64.51911700676374
63.16772163023341
63.86235786833741
65.08323098569576
64.7417287896859
68.17178110279731
63.81304808331428
65.01088629186754
62.23778251229867
65.17365761771703
64.61338673822914
63.90341518864793
64.0282567606961
63.18049083378021
64.54703168047784
62.30801700184252
64.6998017213155
63.27647724914533
64.99428810751301
62.398057866408024
63.318764613755306
65.35948662080092
63.133360836380035
67.6121611902556
62.32098911275423
62.125672736527385
63.74631597644183
62.963491996482006
63.37385377167424
62.87721276046137
63.302561984068305
64.26855888744508
60.92503289212973
62.66202270982936
63.50783000955509
64.56991976436674
64.95720835562749
61.984883215769564
62.749575512628354
62.49994625102079
63.93353724342823
63.31703139863107
61.70654686144282
63.82960155117358
63.6199529699649
60.34670461646539
61.84308531625651
61.95307888363889
59.046811434491076
61.80461367501495
65.35931775243968
61.00957984701978
60.65384232962596
59.388299914695416
61.29476882070267
65.49836674473748
61.00130414128825
61.89537406183352
63.440849618991834
62.27545297576201
63.08730574464324
59.09412578865974
62.32153456283057
61.592133737116626
61.69494448277213
62.75626137570564
60.135748463902154
60.65860583037342
62.685027287334776
62.71475525407356
61.03036865411576
56.70623537805244
57.82379974690874
61.53570257798248
58.18471863281779
52.80932288118328
58.83123756827391
60.38527106364529
62.130848451591596
