-39666.0
-49059.0
-51673.0
-41900.0
-49389.0
-42489.0
-32857.0
-31055.0
-24451.0
-41368.0
-36360.0
-44662.0
-49535.0
-28269.0
-39543.0
-22134.0
-21252.0
-30969.0
-27042.0
-24489.0
-36385.0
-18744.0
-21900.0
-35136.0
-28569.0
-32395.0
-30029.0
-44384.0
-19374.0
-20280.0
-39400.0
-25533.0
-23866.0
-32333.0
-29753.0
-59696.0
-33083.0
-34685.0
-26752.0
-50405.0
-20719.0
-22046.0
-28145.0
-23999.0
-40165.0
-39870.0
-39367.0
-18725.0
-18887.0
-27417.0
-19234.0
-19678.0
-22865.0
-18366.0
-69251.0
-26682.0
-48291.0
-29885.0
-26679.0
-25264.0
-38995.0
-22212.0
-27909.0
-16592.0
-29318.0
-27555.0
-22142.0
-27519.0
-29668.0
-23411.0
-23027.0
-21459.0
-34914.0
-28927.0
-25276.0
-26423.0
-22318.0
-23463.0
-18786.0
-20150.0
-32247.0
-31462.0
-16019.0
-21977.0
-23897.0
-21740.0
-38568.0
-24874.0
-20117.0
-27728.0
-19966.0
-20421.0
-20569.0
-26709.0
-20844.0
-22932.0
-41788.0
-21349.0
-38110.0
-15841.0
-18589.0
-41678.0
-15845.0
-16865.0
-21045.0
-30503.0
-24747.0
-16274.0
-18150.0
-26020.0
-13252.0
-22392.0
-22373.0
-17037.0
-24434.0
-22806.0
-28431.0
-28470.0
-22766.0
-20266.0
-27088.0
-21778.0
-20016.0
-17928.0
-16486.0
-15191.0
-19382.0
-18677.0
-31401.0
-16566.0
-15674.0
-28045.0
-17467.0
-13862.0
-17375.0
-19173.0
-17051.0
-17013.0
-17733.0
-21000.0
-34596.0
-17330.0
-18581.0
-22475.0
-16044.0
-17421.0
-14740.0
-15498.0
-21277.0
-20130.0
-20314.0
-15151.0
-14884.0
-16466.0
-16193.0
-19741.0
-18572.0
-18259.0
-22516.0
-16443.0
-41539.0
-27405.0
-14183.0
-16747.0
-16714.0
-15157.0
-14411.0
-14389.0
-10468.0
-14895.0
-16574.0
-17833.0
-15664.0
-33953.0
-16849.0
-13732.0
-14711.0
-31040.0
-38945.0
-16873.0
-20176.0
-24207.0
-12857.0
-45075.0
-15407.0
-15451.0
-17821.0
-15692.0
-14530.0
-21538.0
-19095.0
-14944.0
-12794.0
-12291.0
-14634.0
-17562.0
-10118.0
-30740.0
-15310.0
-17204.0
-18566.0
-20829.0
-15690.0
-16336.0
-35794.0
-13952.0
-28343.0
-15924.0
-18695.0
-20300.0
-16300.0
-13429.0
-17576.0
-21238.0
-16272.0
-12310.0
-20782.0
-11052.0
-15467.0
-11733.0
-15798.0
-11387.0
-16284.0
-13177.0
-31909.0
-15587.0
-30851.0
-15857.0
-14447.0
-15268.0
-13004.0
-16506.0
-13721.0
-15167.0
-10810.0
-13670.0
-15630.0
-16691.0
-15055.0
-27808.0
-16875.0
-14446.0
-16331.0
-15566.0
-23348.0
-17308.0
-21345.0
-13004.0
-20331.0
-17908.0
-17961.0
-10508.0
-16691.0
-21486.0
-17946.0
-23173.0
-32103.0
-17823.0
-14727.0
-14096.0
-13381.0
-20188.0
-15576.0
-14136.0
-14387.0
-13967.0
-16880.0
-11872.0
-10734.0
-12289.0
-13804.0
-31443.0
-10909.0
-17267.0
-16568.0
-12534.0
-24449.0
-13739.0
-11006.0
-17401.0
-21561.0
-13096.0
-11684.0
-16523.0
-18516.0
-12604.0
-15187.0
-13531.0
-15095.0
-16930.0
-18904.0
-11715.0
-17727.0
-16947.0
-10846.0
-21429.0
-14135.0
-13197.0
-18385.0
-20075.0
