6027097463725.232
5091636988274.723
7243224565416.717
5255985950114.379
6133450152444.492
6241925164092.212
5172033678040.988
5325877110091.648
5167029041135.889
6313111141469.028
5003268917905.775
5236735031430.345
6883037664844.78
4882862879102.028
6780672399834.693
4228273797745.0396
4570431668415.996
4762233225801.914
5103857056663.718
5512777207016.441
4984152661068.054
3931271978269.8027
7069848715034.411
5399380064498.986
5075789581303.161
4915296361196.781
4979702672622.858
5321730933975.669
4141011059695.0796
4597872758794.912
5295960448997.078
4542673348925.641
5937731844137.661
4647788672589.858
4641389246462.086
7434357292949.606
5512728635183.782
5186547828857.966
4826131153856.635
6984070443554.044
4010614383764.3105
3717320021646.3267
4409659214767.801
4455807381311.353
5002918170508.283
5922459070798.659
5216835658987.348
5756285007766.459
5051854195804.882
4495100871452.644
4545901699363.089
3908228161151.7886
3781708980028.74
4894287031096.7
6946102887599.293
4478166791504.444
6477739902646.1
4962290720283.887
4108387474879.689
3943866138944.8745
6932970015447.752
4841913991482.161
4344074910219.6973
3275299766776.7285
5745808298449.033
5106153267028.905
3876387921703.1763
4088554278090.0503
4071916536756.463
4104100050361.2275
3908585080297.744
4395171236221.6143
5023610565205.526
4553612503469.874
3914636496750.2554
4521129208171.905
3892507002894.4336
4696694453056.923
3506418534937.6104
3991239667399.2295
5659299538418.805
5072599858511.912
4511448993008.997
3651695771163.473
4967178990902.548
5792681274067.107
6460812444521.457
4055198568649.6753
3819137078767.9575
4329526932543.8867
3887930263800.04
3722863540964.39
4125639287125.6016
5575800525165.889
4142822043851.723
4336191201828.209
5312373770138.709
4267080253813.1455
6639148371157.481
3593497664505.4424
3827858057694.308
6741853093915.583
3368683116827.0967
3731852652906.171
4707563143147.866
6070025984983.807
3812122205183.3877
3608586305212.272
3730193044879.9077
5343575622350.333
3360472669744.215
3872037487523.2476
3844414653458.6816
3563893319442.0703
6461965678212.952
3787459298872.016
4614860639600.142
4693135306967.77
5646180400585.494
4215116463155.9214
4481161818475.984
3913741974690.8247
4039429282387.466
4301247440893.428
3509704761984.8296
3831040944951.162
3612824807447.961
3963264239888.9995
4731129546679.311
4325749539352.7246
3760470961972.695
5719159938914.983
3546554130708.4014
3034216315580.7134
3575943410708.389
3874104044673.1313
3927270126217.467
4013965161525.532
3551676002599.338
3898220827355.5537
5937519152267.523
3293422340491.551
3779085200617.884
3890476520336.0537
4153930237638.638
3949269662414.4272
3482818774549.6406
3386369021077.179
4125781480999.9233
3599836377100.182
4201700304618.1997
3609707595734.114
3686885415247.2266
3546341190577.6704
4004639208761.4224
3963422075675.951
3510492024797.399
3970915675892.7837
3639561903528.943
3758878548939.9688
5525759713130.6045
4588302400846.504
3241570075633.1235
3917068445869.33
3778542363394.2417
3350941836651.532
3501768254091.788
3440627109618.9097
4059277199426.546
3645605729918.448
4329765075171.829
3402644633166.6436
3613844787211.6772
5566929954763.387
3799385857441.6743
3410755071560.8047
3251856997583.557
6497343893474.194
6497002475047.443
3774900107736.787
5713025939106.389
5470290074141.958
3110676378836.1216
5306237525571.635
3488518953126.2446
3489275789790.978
3507249043054.3003
3192118301154.598
3602482965736.9907
3965684522214.6704
4040524314807.532
3835541977687.841
3506221132997.9644
3011484190259.421
3516642851667.246
3672124493244.024
3023959970163.282
5674004517705.839
3577949753879.5786
3806626145459.3486
3688077706437.9634
3948303428797.1123
3472512348949.1035
3242075067739.3145
5823149259587.677
3122202259438.1416
6108177798462.358
3557939196784.2974
3604831063292.7197
3874943082317.7554
3342429510070.1694
3345570248691.967
3741846389684.363
4222224984673.7134
3673950907863.454
3369952835207.03
3703518432433.0938
2984300226274.255
3286285927212.778
3140466884148.0054
3414794434310.357
3177647201514.8555
3529081811583.9194
3495473029497.006
6135796208496.381
3302602917364.279
5119059629854.538
3753248645156.505
3372888827404.0894
3629030577845.2656
3136841797959.1553
3466946810202.468
3086844633734.144
3223126626362.9053
3179907587225.2554
3204717422844.0464
3983778820962.977
3597080434395.6245
3818544907083.0386
5545024692136.037
3948513349260.701
3393580049667.521
3359763145345.507
3730648879592.1323
5004091603365.191
3667792241208.41
3875028832383.4556
3434307721465.3076
3863825615004.9946
3706120827145.083
3746224653529.547
3111681034901.181
3392482942491.1445
3952393354982.6484
3855794626515.5884
4093273743728.1313
6243216446092.273
3491038233669.5264
3631838689621.3096
3545055044393.581
3411184080670.6416
3640790428657.5044
3408088973547.9565
3666127475955.083
3526941716452.224
3303804321860.26
3606077636230.459
3105708331139.6694
3679043971541.292
3461275316517.213
3283992805994.9023
5321498052749.159
3474984884154.991
3625683355528.0244
3662943627219.2725
3090821514096.2344
4608245412124.629
3226418053064.778
3415089432348.113
3665154069886.94
5020481293412.483
3231946953037.872
2958497375889.337
3507809534724.2847
3654566721217.709
3358500248772.1504
3406802570910.129
3510462464523.8843
3672166603022.718
3488066957335.284
3529860257742.9106
3181349380538.3174
3952601276483.5225
3710490958099.8477
3095164403194.0747
3790815631428.0625
3785454425081.0776
3616963331794.419
3619542486155.3657
3815853394717.284
