37.739444444444445
31.98111111111111
46.21611111111111
30.265185185185185
39.45092592592592
38.42333333333333
31.375185185185185
30.265
30.639074074074074
40.27388888888889
30.319814814814816
29.48037037037037
44.39555555555555
28.576666666666668
45.382407407407406
23.817037037037036
26.24074074074074
26.536296296296296
28.70148148148148
32.70611111111111
27.54722222222222
19.55925925925926
47.99407407407407
32.49925925925926
27.735925925925926
27.37648148148148
29.10333333333333
30.93425925925926
21.94648148148148
26.45314814814815
29.37388888888889
24.97388888888889
36.86666666666667
25.524444444444445
24.63574074074074
45.949444444444445
30.269444444444446
28.27314814814815
27.818148148148147
42.392407407407404
20.615555555555556
19.823333333333334
24.13851851851852
25.60037037037037
28.20888888888889
32.599444444444444
28.34722222222222
33.797037037037036
30.53648148148148
26.034074074074073
25.05611111111111
20.178333333333335
18.380555555555556
29.126666666666665
44.76574074074074
23.24111111111111
39.06314814814815
27.965
21.025555555555556
21.846666666666668
44.04240740740741
26.899814814814814
23.29537037037037
16.277962962962963
33.82
30.25
21.61
22.64185185185185
21.426296296296297
22.03351851851852
21.36462962962963
24.227592592592593
27.726481481481482
24.372962962962962
20.69814814814815
23.246666666666666
20.118148148148148
25.53074074074074
18.12074074074074
19.40574074074074
32.78314814814815
26.68722222222222
24.634814814814813
18.565555555555555
28.209444444444443
33.961481481481485
39.78333333333333
22.118703703703705
20.143333333333334
23.023888888888887
20.537222222222223
18.885185185185186
21.416481481481483
31.702037037037037
21.05296296296296
24.074444444444445
28.448888888888888
20.952962962962964
38.74444444444445
18.225555555555555
20.002222222222223
40.12777777777778
16.701851851851853
20.056851851851853
24.752592592592592
35.86351851851852
18.58425925925926
17.743703703703705
18.62962962962963
30.85814814814815
15.613888888888889
19.261481481481482
19.454444444444444
17.137592592592593
40.23555555555556
18.348148148148148
25.192592592592593
24.30388888888889
33.75648148148148
21.288888888888888
23.938703703703705
19.321851851851854
21.10611111111111
23.527962962962963
17.769444444444446
20.401481481481483
17.50574074074074
20.135
24.837407407407408
23.83
19.38925925925926
31.229074074074074
16.939074074074075
12.243518518518519
18.792962962962964
20.329444444444444
20.755555555555556
20.727777777777778
16.413333333333334
18.618333333333332
35.09537037037037
14.928333333333333
19.565
20.52166666666667
21.77462962962963
20.925555555555555
17.98574074074074
18.178703703703704
22.198703703703703
17.419444444444444
21.125185185185185
19.46962962962963
17.320555555555554
16.486666666666668
19.034814814814816
19.81037037037037
17.31537037037037
19.056851851851853
18.263148148148147
18.637962962962963
31.12148148148148
23.632407407407406
15.026666666666667
20.662407407407407
18.67074074074074
15.57611111111111
17.46037037037037
16.39648148148148
23.09611111111111
19.527037037037037
23.034814814814816
15.58925925925926
17.377962962962965
32.57703703703704
19.996666666666666
16.316296296296297
15.891296296296296
37.115
38.80425925925926
18.903148148148148
34.15462962962963
31.639074074074074
14.325740740740741
28.909074074074073
16.143703703703704
18.868148148148148
17.789074074074072
15.038703703703703
18.841666666666665
19.629814814814814
21.971666666666668
18.520555555555557
17.772962962962964
14.33388888888889
18.18777777777778
17.76703703703704
14.527222222222223
33.93314814814815
17.848518518518517
19.618518518518517
18.484814814814815
21.650925925925925
17.649814814814814
15.928148148148148
34.12685185185185
14.559444444444445
34.89055555555556
18.726296296296297
18.134444444444444
20.944814814814816
16.50759259259259
16.211666666666666
19.519444444444446
22.160740740740742
19.14648148148148
17.627037037037038
18.924814814814816
14.613333333333333
15.476481481481482
15.448148148148148
16.41462962962963
14.701851851851853
18.42703703703704
18.41314814814815
36.15185185185185
15.494259259259259
29.40277777777778
19.668703703703702
15.832222222222223
18.048703703703705
15.09
18.113518518518518
14.535370370370371
15.374629629629629
14.660185185185185
15.712592592592593
20.386666666666667
19.09722222222222
19.684814814814814
32.75333333333333
21.39037037037037
15.81962962962963
16.500185185185185
19.411851851851853
29.13537037037037
19.35037037037037
21.13388888888889
18.600185185185186
20.43462962962963
19.65425925925926
19.982777777777777
15.11
17.739814814814814
20.589814814814815
20.612962962962964
22.416851851851852
36.14611111111111
18.490925925925925
19.602592592592593
18.120185185185186
16.885555555555555
18.43537037037037
16.43777777777778
20.20611111111111
17.39148148148148
15.495
19.373703703703704
15.384814814814815
19.86148148148148
19.88888888888889
16.278333333333332
32.49425925925926
18.296666666666667
19.038703703703703
19.033703703703704
15.235555555555555
24.857407407407408
15.994074074074074
17.13314814814815
19.127222222222223
29.724814814814813
15.70111111111111
15.484074074074075
17.944444444444443
18.82111111111111
16.040185185185184
17.127777777777776
19.465555555555557
19.457962962962963
17.55351851851852
18.32037037037037
17.050925925925927
22.63462962962963
19.496111111111112
15.721296296296297
20.57
23.388703703703705
19.302592592592593
19.77259259259259
21.18111111111111
