24721581.0
26486310.0
20618774.0
24262360.0
19776849.0
27690015.0
30193007.0
22687702.0
23735445.0
20019905.0
19124851.0
21982610.0
26514254.0
21688090.0
20720868.0
22338463.0
25078441.0
23877725.0
20386269.0
21709847.0
32711471.0
21738410.0
21467087.0
22925395.0
18640997.0
24131393.0
22061154.0
22199932.0
16424577.0
20618872.0
27481679.0
22467571.0
15962074.0
17367549.0
19183901.0
33779840.0
25713523.0
25093531.0
19042583.0
29955553.0
16817043.0
19957513.0
24560029.0
16420128.0
20664263.0
21100703.0
23134009.0
16244200.0
20816887.0
13152020.0
25687743.0
21569295.0
25357873.0
19464979.0
29733967.0
24494691.0
21137596.0
23936116.0
24120711.0
14670971.0
24212441.0
26919753.0
14564247.0
16377001.0
20297812.0
19965667.0
20246485.0
26235823.0
19344560.0
12056095.0
13019987.0
17273280.0
17100936.0
21110995.0
18075878.0
18051398.0
13819727.0
24684547.0
26871580.0
16697830.0
24015796.0
22792962.0
21534563.0
13520623.0
25089858.0
24522411.0
25026182.0
17334578.0
12328401.0
14766669.0
20457645.0
19410675.0
18992241.0
21605762.0
14613174.0
20121412.0
18422444.0
20447315.0
25536937.0
12238634.0
20700480.0
24299019.0
16127411.0
16475781.0
21534402.0
18790829.0
24340668.0
13282929.0
17608886.0
23469489.0
16199866.0
19130059.0
14550386.0
18071550.0
23113874.0
17624205.0
13779982.0
16791492.0
14493413.0
18429451.0
21215675.0
16132286.0
23306816.0
19907108.0
19319934.0
15506423.0
16060163.0
13246895.0
26484826.0
24200353.0
15632074.0
24680694.0
15738253.0
16576942.0
13903607.0
17051468.0
16402696.0
23580418.0
17096981.0
10664675.0
23949101.0
18662328.0
32649720.0
12883213.0
9825389.0
19068642.0
14709210.0
18175059.0
18006975.0
11331128.0
17863277.0
15090003.0
16134347.0
14805850.0
9790499.0
15365215.0
19371671.0
16447874.0
15582126.0
14216191.0
27637334.0
22081216.0
17069917.0
17183641.0
24067401.0
15697827.0
16857320.0
15807108.0
15814377.0
18797224.0
18598475.0
15060608.0
17698061.0
27846607.0
15483779.0
18286242.0
14121663.0
23016357.0
27675507.0
18134853.0
30746425.0
30136199.0
12995973.0
25840092.0
15895589.0
13033303.0
18668995.0
16834755.0
16892827.0
20933808.0
15127709.0
12699843.0
17749667.0
20211014.0
13254246.0
13665867.0
16624704.0
20003465.0
17876076.0
22036887.0
15008522.0
14242277.0
21831257.0
10155456.0
23225294.0
21303871.0
22492201.0
13415680.0
12487464.0
19256863.0
14962290.0
16149114.0
10190857.0
14666617.0
16979979.0
18794239.0
21012558.0
12060655.0
26733440.0
18497325.0
18117185.0
17642676.0
14015543.0
15486646.0
23011679.0
13631529.0
24851139.0
9365576.0
20402485.0
22445192.0
18245716.0
16211758.0
15516817.0
15664724.0
11450220.0
17065837.0
12674018.0
19197631.0
25611668.0
24769190.0
9769046.0
15532990.0
15718267.0
18225443.0
28459444.0
18284488.0
14848179.0
14162802.0
19299358.0
19272909.0
14932066.0
11105472.0
9709053.0
17664835.0
13904670.0
9947607.0
24893683.0
17907242.0
18369099.0
12584153.0
17117083.0
8711419.0
16451980.0
9467227.0
14561611.0
10426984.0
10814579.0
14646493.0
12346428.0
17762697.0
9187038.0
21147628.0
14296232.0
12566891.0
12786637.0
16353001.0
19907509.0
9880952.0
12024513.0
10778924.0
26087126.0
10117749.0
15596393.0
11464156.0
18227790.0
21039491.0
11547340.0
13959403.0
8015060.0
16230417.0
13151147.0
14550583.0
20289678.0
8756830.0
10355657.0
16311818.0
17707320.0
17093689.0
11773653.0
19131798.0
17576615.0
14166050.0
16452103.0
12370534.0
18489188.0
22475957.0
26260196.0
11979142.0
16945839.0
13472761.0
21302640.0
16519530.0
28066353.0
24518978.0
15274272.0
20906749.0
27165069.0
19310920.0
11610629.0
13582271.0
16273515.0
11426979.0
13919422.0
17153620.0
9701747.0
11706429.0
23089535.0
24217987.0
14888482.0
15637328.0
17267982.0
8776298.0
13319812.0
18512725.0
10752769.0
13556934.0
13317520.0
10911388.0
22915267.0
11425326.0
19312288.0
8851381.0
16581907.0
28747500.0
7345424.0
14073195.0
24822864.0
34883940.0
17424650.0
10825865.0
21759114.0
16971759.0
16751914.0
10678952.0
19309130.0
17950448.0
17420838.0
14768657.0
9672235.0
18048530.0
15366509.0
14295419.0
22223147.0
16640980.0
25169392.0
18068245.0
11125010.0
14591030.0
30721838.0
21972856.0
13230336.0
22091122.0
12307653.0
13494845.0
20491289.0
14950602.0
17687595.0
16051722.0
8561450.0
13443808.0
8189306.0
11776309.0
9794112.0
12599049.0
26271311.0
19377173.0
11494929.0
20462526.0
18447330.0
7590964.0
15984752.0
10248553.0
15124519.0
12945711.0
13894612.0
27835685.0
13881341.0
26663545.0
24575282.0
7816301.0
10685942.0
22541402.0
9051751.0
9560894.0
23479954.0
23619713.0
17341694.0
12368007.0
15961602.0
23165041.0
24074132.0
15324265.0
9443997.0
20044314.0
15172667.0
21904109.0
21315782.0
17009723.0
17207271.0
24176028.0
14893450.0
14000931.0
25423078.0
12512171.0
13498360.0
9344238.0
20703043.0
13376615.0
18775215.0
13884726.0
26854289.0
11085910.0
21990869.0
13278579.0
11628206.0
27464289.0
13338102.0
25309156.0
11468617.0
17938383.0
10756440.0
20049222.0
10665394.0
18647354.0
10669843.0
12375334.0
10924238.0
16825368.0
18162474.0
13244851.0
23894997.0
14295527.0
26671166.0
18873157.0
23164066.0
20386709.0
11704868.0
8457324.0
16449244.0
17780541.0
18652415.0
25289158.0
19899223.0
19414268.0
29962645.0
13706025.0
20076451.0
15209599.0
15685638.0
13982339.0
24197037.0
25191389.0
25183805.0
12507347.0
13421445.0
10274413.0
30774175.0
11687654.0
17006887.0
17352622.0
13776636.0
14208266.0
12428756.0
14992880.0
19256796.0
17027935.0
14918847.0
18501585.0
31735279.0
18418931.0
17070302.0
12885089.0
23894608.0
15061901.0
10101876.0
14937547.0
17736773.0
19036078.0
17584399.0
13543629.0
