47.52814814814815
41.54259259259259
45.74648148148148
43.71388888888889
43.28037037037037
44.102407407407405
47.21592592592592
46.84407407407407
48.52759259259259
40.93611111111111
41.7112962962963
42.223333333333336
45.75055555555556
42.13777777777778
40.62925925925926
41.636296296296294
48.13203703703704
50.400555555555556
37.37074074074074
48.217592592592595
52.41222222222222
46.03888888888889
52.278888888888886
39.25370370370371
43.98148148148148
43.294259259259256
41.85074074074074
45.636296296296294
37.725
41.76277777777778
49.21037037037037
43.49611111111111
34.32425925925926
40.452592592592595
43.075
58.97185185185185
43.7337037037037
47.745370370370374
44.593333333333334
52.247962962962966
39.38685185185185
42.85925925925926
45.3587037037037
35.58462962962963
39.736666666666665
40.90555555555556
45.79462962962963
38.239074074074075
42.04851851851852
34.89333333333333
45.635555555555555
35.01518518518518
45.035185185185185
44.699444444444445
56.54259259259259
48.34074074074074
48.532222222222224
51.66722222222222
41.087407407407404
38.779074074074074
51.98129629629629
42.757222222222225
38.90462962962963
33.635925925925925
43.13333333333333
39.93851851851852
47.005185185185184
46.37203703703704
43.739814814814814
36.483518518518515
35.339444444444446
36.376666666666665
36.45759259259259
42.431111111111115
39.25388888888889
45.64555555555555
38.19
46.08314814814815
50.82259259259259
38.962037037037035
55.89611111111111
43.65925925925926
49.20055555555555
35.25185185185185
44.41555555555556
52.297777777777775
53.1412962962963
38.8962962962963
31.91462962962963
30.671666666666667
42.84648148148148
41.22148148148148
40.36555555555555
48.59
36.61314814814815
44.29222222222222
43.815925925925924
43.31666666666667
48.56666666666667
36.59444444444444
43.25185185185185
47.60314814814815
37.059814814814814
36.21907407407407
45.91222222222222
47.25018518518519
41.15888888888889
34.63111111111111
35.45740740740741
46.75888888888889
36.08037037037037
41.27759259259259
38.69425925925926
37.80888888888889
48.889074074074074
38.327962962962964
40.465555555555554
43.22037037037037
35.669444444444444
43.245370370370374
41.41777777777778
33.53981481481482
49.79
37.13037037037037
42.63611111111111
37.82555555555555
40.29611111111111
36.33481481481481
51.12166666666667
38.681111111111115
40.01425925925926
53.904074074074074
40.17111111111111
35.36537037037037
35.55925925925926
42.19462962962963
40.74037037037037
53.8137037037037
40.05555555555556
30.276851851851852
52.37777777777778
39.66574074074074
46.35166666666667
35.35611111111111
30.905925925925924
39.44074074074074
35.952592592592595
39.91981481481481
40.025925925925925
33.2287037037037
37.50388888888889
39.65962962962963
42.88148148148148
41.57981481481482
31.289814814814815
40.77425925925926
41.76888888888889
43.11796296296296
39.39111111111111
39.57833333333333
53.63055555555555
48.18574074074074
42.925
36.263703703703705
42.87166666666667
41.065185185185186
39.42351851851852
36.38685185185185
43.10462962962963
44.07611111111111
38.995370370370374
33.08185185185185
41.278888888888886
48.06074074074074
39.382407407407406
40.157407407407405
33.400555555555556
40.241851851851855
52.98537037037037
41.91092592592592
54.074444444444445
47.90111111111111
32.052592592592596
52.90314814814815
40.80888888888889
37.65518518518518
42.04759259259259
36.3537037037037
40.26444444444444
37.81685185185185
36.318703703703704
36.06981481481481
41.67944444444444
43.718333333333334
38.36314814814815
40.336666666666666
35.461666666666666
47.75592592592593
40.85777777777778
48.928333333333335
33.50351851851852
36.50370370370371
37.882407407407406
29.07203703703704
53.31296296296296
41.66722222222222
48.708703703703705
31.923148148148147
37.837037037037035
40.3687037037037
38.321851851851854
39.36851851851852
29.116296296296298
33.226851851851855
43.432037037037034
40.565
46.75851851851852
33.43333333333333
48.91537037037037
45.487037037037034
42.13685185185185
40.059074074074076
39.763703703703705
39.001666666666665
46.337407407407404
34.455740740740744
47.30444444444444
29.529814814814817
44.94888888888889
41.99944444444444
39.534814814814816
37.95407407407407
38.73
35.35333333333333
33.99166666666667
46.946666666666665
35.897962962962964
42.63944444444444
47.10611111111111
49.87111111111111
28.416666666666668
39.05740740740741
37.510740740740744
40.52611111111111
47.288148148148146
38.58574074074074
41.03037037037037
33.83444444444444
41.05185185185185
40.68796296296296
41.11537037037037
33.69444444444444
32.93333333333333
39.7
35.79833333333333
35.391666666666666
50.57962962962963
40.543703703703706
42.05481481481481
36.92
37.85685185185185
28.72
38.032407407407405
31.15388888888889
41.117592592592594
31.594444444444445
28.128888888888888
40.93425925925926
34.48166666666667
38.025555555555556
30.096851851851852
52.97537037037037
32.233333333333334
34.025925925925925
35.221666666666664
39.193888888888885
49.63462962962963
33.348703703703706
39.669074074074075
37.29537037037037
53.498703703703704
30.799629629629628
42.4837037037037
30.546666666666667
47.1562962962963
48.05481481481481
34.53037037037037
31.496111111111112
28.186296296296295
37.428148148148146
38.07092592592593
36.212407407407404
39.93018518518519
24.5
30.997592592592593
39.02796296296296
37.57981481481482
36.992592592592594
33.92703703703704
44.32851851851852
37.94111111111111
35.94037037037037
39.54796296296296
33.60944444444444
42.04314814814815
49.782037037037036
51.363703703703706
34.102037037037036
36.93574074074074
32.55462962962963
42.65111111111111
37.135925925925925
48.69925925925926
37.43185185185185
39.66981481481481
47.611296296296295
47.949444444444445
40.45166666666667
33.17166666666667
34.82351851851852
38.81148148148148
34.88074074074074
33.41444444444444
45.57962962962963
27.171296296296298
30.26240740740741
48.529074074074074
44.85944444444444
38.700185185185184
40.99722222222222
38.51759259259259
29.099444444444444
35.35462962962963
43.48740740740741
33.471111111111114
34.82462962962963
37.2962962962963
33.55222222222222
42.21722222222222
32.76148148148148
39.486111111111114
29.421666666666667
37.74740740740741
53.73407407407407
27.945555555555554
40.06981481481481
51.55166666666667
51.7662962962963
40.63481481481482
33.751666666666665
38.76037037037037
39.778333333333336
35.7162962962963
30.573333333333334
43.19462962962963
40.473333333333336
38.08
37.65962962962963
30.57574074074074
39.44166666666667
37.162962962962965
38.19222222222222
43.343148148148146
38.87129629629629
47.60666666666667
38.85777777777778
32.75074074074074
38.090555555555554
48.41962962962963
46.32425925925926
32.33592592592593
46.03740740740741
36.25648148148148
39.07981481481482
43.71703703703704
33.12740740740741
40.80444444444444
37.49981481481481
25.718888888888888
34.75833333333333
25.204814814814814
31.82574074074074
31.42388888888889
32.97259259259259
51.29055555555556
43.58555555555556
35.08537037037037
39.53351851851852
36.9387037037037
30.406296296296297
38.38685185185185
32.88148148148148
36.297777777777775
34.891666666666666
36.21388888888889
48.58351851851852
38.60314814814815
52.92722222222222
49.08018518518519
29.464444444444446
32.4137037037037
48.764074074074074
30.395
29.07462962962963
43.33111111111111
42.01222222222222
39.31388888888889
32.415925925925926
34.62481481481481
45.66574074074074
52.42907407407407
38.53537037037037
32.93555555555555
44.2962962962963
42.18037037037037
45.520185185185184
46.82462962962963
39.91037037037037
41.22388888888889
47.74814814814815
42.682037037037034
38.903703703703705
50.84537037037037
36.64055555555556
36.36574074074074
31.110555555555557
45.37462962962963
28.59111111111111
42.36648148148148
39.10703703703704
48.83537037037037
33.67944444444444
45.54574074074074
40.409444444444446
33.434444444444445
45.907222222222224
34.09185185185185
41.12888888888889
39.13703703703704
38.52851851851852
37.43851851851852
45.36555555555555
31.061481481481483
45.70611111111111
32.9937037037037
34.732592592592596
35.22203703703704
37.39333333333333
35.681296296296296
35.95166666666667
45.19814814814815
35.276296296296294
49.41814814814815
41.949074074074076
39.39648148148148
42.99925925925926
33.75259259259259
33.9387037037037
39.71740740740741
35.08722222222222
40.023148148148145
49.82462962962963
38.75222222222222
41.29259259259259
55.46888888888889
34.28907407407407
41.74981481481481
41.967962962962964
41.62870370370371
35.56333333333333
48.001296296296296
46.59092592592592
46.70722222222222
34.32555555555555
36.78
33.24018518518518
44.01962962962963
33.29611111111111
39.05148148148148
39.92296296296296
35.16166666666667
39.37222222222222
39.617222222222225
37.31666666666667
40.880185185185184
43.31185185185185
41.52925925925926
36.47222222222222
50.4762962962963
41.23555555555556
41.372962962962966
41.154444444444444
40.602407407407405
43.86
33.8812962962963
40.06111111111111
36.696666666666665
43.413518518518515
39.72611111111111
38.37259259259259
