80104779.0
75259392.0
73722019.0
81309976.0
73927567.0
75649295.0
85477396.0
76813077.0
86641680.0
65135386.0
60575520.0
69574861.0
72900825.0
61048549.0
63264945.0
67281041.0
81459832.0
86635709.0
58601731.0
76424755.0
99251818.0
71413266.0
84499223.0
69334901.0
71144487.0
76670335.0
72214032.0
82422332.0
61846141.0
71380376.0
85098375.0
64566361.0
51552578.0
56005334.0
72510802.0
111603620.0
81462332.0
77466591.0
68739507.0
86757895.0
51363673.0
71992720.0
77965223.0
53693897.0
69277340.0
73549498.0
71789660.0
54176571.0
64685254.0
53547151.0
73950653.0
57622185.0
75909352.0
68824612.0
101634875.0
77485630.0
71883971.0
94334236.0
63589743.0
49320317.0
89576475.0
81182542.0
52899439.0
49367028.0
74769815.0
62530897.0
73257205.0
77552935.0
75000870.0
52880895.0
50998905.0
58186044.0
54639040.0
60131828.0
57854138.0
70209994.0
47433634.0
73030981.0
87135959.0
54913606.0
93939474.0
74917483.0
74918762.0
51697472.0
75878998.0
80558877.0
90902331.0
54461700.0
43698416.0
43973784.0
64076233.0
61108994.0
61289235.0
79928567.0
54480369.0
72164628.0
66260430.0
60003797.0
74170468.0
44862251.0
63603503.0
78820962.0
53145852.0
50614600.0
72868102.0
71366366.0
66953670.0
44266921.0
52174918.0
72245535.0
49791340.0
65207208.0
55875789.0
54413185.0
74049710.0
50755913.0
57107355.0
58955709.0
49600141.0
64591922.0
65073929.0
48612533.0
78610280.0
61056633.0
63135520.0
54753368.0
54642576.0
47606416.0
82005092.0
65178026.0
61761208.0
87418042.0
65867494.0
49003578.0
44842830.0
62678621.0
58699157.0
91528865.0
55484946.0
37843037.0
85310774.0
55675780.0
89589148.0
46561796.0
39920336.0
58470635.0
51489817.0
57659476.0
63169110.0
43348639.0
53997997.0
57079361.0
59462594.0
52988156.0
36622703.0
54699862.0
64002091.0
66907687.0
51708459.0
54549775.0
94016479.0
77509424.0
65241556.0
52503218.0
70230058.0
53230636.0
63118419.0
53394157.0
62851589.0
69118284.0
59170664.0
44371992.0
58594047.0
78685695.0
51582867.0
64543243.0
42843948.0
68379107.0
87263661.0
60879658.0
87389471.0
84906022.0
37269062.0
90572228.0
51962446.0
49621316.0
61706136.0
54737150.0
59372978.0
57434700.0
53429774.0
44619711.0
61692297.0
66384312.0
55620080.0
53485899.0
51529774.0
72594102.0
64193239.0
87535586.0
50941175.0
52667664.0
57393441.0
36032663.0
88766713.0
66767991.0
75941444.0
40179273.0
55394479.0
68984232.0
49862148.0
51169254.0
34550449.0
46497485.0
64100092.0
58719534.0
84346465.0
46956343.0
84425903.0
82084428.0
57655981.0
65176572.0
59953116.0
60562351.0
73792655.0
49950803.0
79750180.0
35429961.0
67749848.0
68483251.0
57673987.0
64038861.0
62630114.0
54048602.0
40398649.0
68844437.0
47538002.0
59949618.0
80674747.0
79899018.0
33689197.0
60668009.0
51606172.0
61166977.0
87943214.0
59595554.0
62502785.0
46495967.0
64582873.0
61359093.0
56710199.0
39986186.0
44728445.0
62788771.0
44390194.0
45812173.0
92164299.0
62822891.0
60650515.0
51658654.0
53248197.0
32352046.0
58392687.0
35448968.0
59683633.0
35771096.0
32877763.0
60128268.0
51058420.0
53535846.0
35240957.0
85430123.0
43278749.0
45284967.0
44148476.0
58643179.0
78403800.0
40878552.0
55674968.0
46959016.0
90200190.0
36721902.0
59460914.0
39812740.0
76175028.0
89311190.0
45200805.0
40978268.0
29017863.0
49574581.0
53043447.0
52542446.0
61046434.0
26862605.0
34924887.0
62345633.0
57408546.0
53670854.0
40194890.0
67191039.0
51156087.0
50038052.0
58567778.0
40216172.0
54099186.0
93426813.0
88039700.0
50123720.0
53771436.0
37898701.0
63705621.0
51965493.0
79903307.0
69065026.0
58420669.0
71955835.0
91722205.0
56921374.0
44479878.0
44628715.0
58308389.0
46333493.0
45021863.0
85562699.0
29549990.0
40546871.0
82198864.0
77034792.0
51901724.0
56617077.0
54900368.0
34481382.0
47624776.0
72834663.0
40575542.0
43963944.0
52306490.0
44351015.0
71561897.0
44783031.0
62877769.0
31071663.0
60643186.0
95892362.0
31122721.0
57344979.0
86540366.0
114588755.0
61333806.0
41543956.0
64166466.0
58216047.0
53542669.0
36296352.0
65269860.0
68838328.0
53934326.0
58803804.0
37900693.0
62836140.0
54527255.0
52792070.0
70957534.0
62329077.0
79777394.0
50643727.0
43524375.0
53751178.0
91562055.0
67394009.0
40842136.0
72860175.0
51301112.0
57407394.0
81917322.0
41466027.0
63444116.0
60507458.0
28630577.0
52657257.0
30838688.0
35681259.0
38543498.0
46049827.0
89578301.0
68224931.0
42649295.0
66196190.0
52808834.0
32881301.0
55940137.0
40584932.0
55513353.0
47842665.0
55362675.0
88506163.0
52811570.0
93500084.0
77077132.0
34219412.0
40381676.0
78925978.0
35656037.0
36677816.0
71711952.0
90035220.0
57618362.0
42312277.0
52604103.0
74700666.0
86997868.0
53034733.0
41262280.0
77352424.0
61414251.0
71850396.0
86298755.0
69725725.0
56049876.0
89099289.0
71029599.0
50871694.0
82901154.0
50565181.0
53349125.0
34464088.0
80672499.0
46244621.0
64071426.0
57615676.0
123931704.0
44719663.0
79782359.0
63978559.0
44605787.0
75405647.0
49609750.0
69600563.0
53799257.0
55702508.0
61397732.0
69506959.0
39696254.0
76498437.0
41215533.0
42434825.0
42692377.0
49079306.0
54932855.0
47914900.0
77154212.0
55386154.0
89250052.0
71132116.0
70089235.0
80829708.0
39843587.0
36012032.0
63638077.0
60952149.0
59798667.0
92183712.0
66195893.0
81048138.0
104870375.0
54852393.0
61183483.0
58661204.0
60384527.0
42365789.0
79069852.0
85063584.0
93045936.0
51626616.0
48127659.0
44301249.0
82098234.0
37989840.0
60086196.0
58342448.0
48456864.0
64705865.0
49105874.0
54174636.0
66584329.0
69645187.0
59560827.0
58364252.0
91781512.0
64537471.0
66537156.0
74582447.0
62732482.0
71947013.0
68794020.0
54646518.0
63524453.0
71503000.0
72524030.0
56320726.0
