-76879.0
-84295.0
-73661.0
-78704.0
-73406.0
-87195.0
-88992.0
-77772.0
-69681.0
-70497.0
-69550.0
-72120.0
-80903.0
-67632.0
-68073.0
-66744.0
-76892.0
-71510.0
-68787.0
-72559.0
-96582.0
-65853.0
-73384.0
-72984.0
-66558.0
-78151.0
-76532.0
-72188.0
-58897.0
-71234.0
-73382.0
-70185.0
-58308.0
-55115.0
-65901.0
-89460.0
-76827.0
-76592.0
-66538.0
-77841.0
-59242.0
-66647.0
-71467.0
-57448.0
-59295.0
-70013.0
-78507.0
-60747.0
-69296.0
-52439.0
-78656.0
-65517.0
-86734.0
-63648.0
-80322.0
-76657.0
-64709.0
-76243.0
-78230.0
-52040.0
-71512.0
-79290.0
-54990.0
-59459.0
-66544.0
-67546.0
-65691.0
-74141.0
-61808.0
-49107.0
-48597.0
-57866.0
-60548.0
-60508.0
-60980.0
-65999.0
-56212.0
-70137.0
-77605.0
-62868.0
-72404.0
-62758.0
-68021.0
-54669.0
-77976.0
-74970.0
-69363.0
-56695.0
-49852.0
-56585.0
-76075.0
-66207.0
-51542.0
-66336.0
-57748.0
-61550.0
-59876.0
-55402.0
-74274.0
-47501.0
-68337.0
-79705.0
-57923.0
-55041.0
-59690.0
-70732.0
-75055.0
-50763.0
-63457.0
-72331.0
-50555.0
-64614.0
-50422.0
-56997.0
-73535.0
-62724.0
-51010.0
-56427.0
-52959.0
-57397.0
-65061.0
-56896.0
-70901.0
-66378.0
-57863.0
-58891.0
-55903.0
-50596.0
-74219.0
-66457.0
-55960.0
-72238.0
-55861.0
-58210.0
-54403.0
-53541.0
-58372.0
-70918.0
-52071.0
-45840.0
-73861.0
-60734.0
-87751.0
-50382.0
-39915.0
-53368.0
-52434.0
-62685.0
-66537.0
-42704.0
-60685.0
-57435.0
-54700.0
-50426.0
-43606.0
-53877.0
-59575.0
-55080.0
-47537.0
-51608.0
-75955.0
-66967.0
-52779.0
-53497.0
-59559.0
-60003.0
-53618.0
-54509.0
-54378.0
-62751.0
-57604.0
-50814.0
-61169.0
-75876.0
-58110.0
-57289.0
-48782.0
-66909.0
-69743.0
-58415.0
-80906.0
-73590.0
-50620.0
-70306.0
-54260.0
-49859.0
-61524.0
-52026.0
-52193.0
-63882.0
-49978.0
-43199.0
-54415.0
-60126.0
-47472.0
-43435.0
-51854.0
-61148.0
-54184.0
-61531.0
-53110.0
-48769.0
-57450.0
-40326.0
-65663.0
-61238.0
-61425.0
-48529.0
-48326.0
-56481.0
-49919.0
-53310.0
-41409.0
-53176.0
-54487.0
-53309.0
-60355.0
-43989.0
-72481.0
-52968.0
-58818.0
-56216.0
-44020.0
-45968.0
-64700.0
-47853.0
-71312.0
-41240.0
-58346.0
-61804.0
-54385.0
-57128.0
-50553.0
-52105.0
-45951.0
-58022.0
-44543.0
-57428.0
-69701.0
-65424.0
-37925.0
-45681.0
-52264.0
-52830.0
-80160.0
-56304.0
-50848.0
-45169.0
-60697.0
-57647.0
-52648.0
-43367.0
-41373.0
-53915.0
-51910.0
-38862.0
-60356.0
-55451.0
-57909.0
-52629.0
-50390.0
-36290.0
-52151.0
-39444.0
-45434.0
-41095.0
-43210.0
-50737.0
-44699.0
-55018.0
-42166.0
-65079.0
-46420.0
-46295.0
-46257.0
-49464.0
-59550.0
-38076.0
-42334.0
-39272.0
-71068.0
-39570.0
-44290.0
-45876.0
-57598.0
-59120.0
-46233.0
-44569.0
-35460.0
-57254.0
-47052.0
-51247.0
-61944.0
-34645.0
-44625.0
-53324.0
-51422.0
-56400.0
-44555.0
-61480.0
-53195.0
-50987.0
-49975.0
-46410.0
-58019.0
-62334.0
-67803.0
-44042.0
-55116.0
-46823.0
-55493.0
-51877.0
-74478.0
-58837.0
-46637.0
-59653.0
-67844.0
-55728.0
-42649.0
-43812.0
-50835.0
-42519.0
-47905.0
-52860.0
-39403.0
-43586.0
-65449.0
-58654.0
-49905.0
-55124.0
-53585.0
-37805.0
-50252.0
-52364.0
-41992.0
-48267.0
-48003.0
-41769.0
-61093.0
-45121.0
-55129.0
-39535.0
-54382.0
-73910.0
-32634.0
-49611.0
-69544.0
-79615.0
-52408.0
-43324.0
-62495.0
-53562.0
-50418.0
-41837.0
-56466.0
-50302.0
-52151.0
-43154.0
-38692.0
-52647.0
-48577.0
-47296.0
-66052.0
-51867.0
-70674.0
-55838.0
-40666.0
-49584.0
-70845.0
-64091.0
-49261.0
-62515.0
-46016.0
-48452.0
-55015.0
-51855.0
-52384.0
-48557.0
-33974.0
-49334.0
-34458.0
-44750.0
-41968.0
-45266.0
-71682.0
-55807.0
-47337.0
-63463.0
-54514.0
-35817.0
-49301.0
-43879.0
-49563.0
-51293.0
-48368.0
-72436.0
-47642.0
-72489.0
-61385.0
-34822.0
-43958.0
-59173.0
-36025.0
-36744.0
-62125.0
-59352.0
-55181.0
-41144.0
-48747.0
-63732.0
-65439.0
-57175.0
-38349.0
-55389.0
-50082.0
-62449.0
-57388.0
-51236.0
-59626.0
-64486.0
-44978.0
-48984.0
-71305.0
-49235.0
-47520.0
-40027.0
-56474.0
-46197.0
-54574.0
-48386.0
-57430.0
-42880.0
-60415.0
-42186.0
-46827.0
-67648.0
-50302.0
-65379.0
-42531.0
-60161.0
-41474.0
-64642.0
-41346.0
-56252.0
-44198.0
-47049.0
-42206.0
-55140.0
-51092.0
-51775.0
-65077.0
-46842.0
-67378.0
-57007.0
-61475.0
-53843.0
-47412.0
-40341.0
-54065.0
-52934.0
-55965.0
-71787.0
-63979.0
-52958.0
-72176.0
-44504.0
-53619.0
-51725.0
-52515.0
-52214.0
-66074.0
-66216.0
-63017.0
-46967.0
-42434.0
-39540.0
-73460.0
-41974.0
-55116.0
-50764.0
-49179.0
-47913.0
-51286.0
-49518.0
-53931.0
-55738.0
-47562.0
-57867.0
-72459.0
-51748.0
-51855.0
-44335.0
-67855.0
-51757.0
-33532.0
-51660.0
-52642.0
-60322.0
-54379.0
-45181.0
