31.31675048709989
34.62589239688286
36.29179610118737
34.649577496366284
34.79193001885654
33.53995458212591
33.24706746465016
35.24821434982472
33.39157351030543
35.00597308871612
37.231709232868056
34.266406017526144
34.23856105431203
34.36191376316257
36.403814325753224
36.04267221951503
31.409622723771474
34.19046109233834
36.51101521345094
35.12318771619946
34.31763551262925
34.46862560030145
34.99730901441797
35.59912537473318
35.512881796989966
34.32835328951511
35.29238493185285
33.34334686106967
37.01152995240158
36.24731595397967
31.043774421979535
35.5262980974344
36.89551205126956
36.36767828470304
35.83719928389151
32.65949962620981
34.19769386692096
33.94876152251667
37.277059823634374
33.303254394952106
38.10860687538362
34.294720331855586
33.82754233368222
36.49961148129491
35.63199404941431
35.3474635835808
35.79902280123643
37.20360471857911
37.85020685523748
37.43950894071288
33.87221400062936
39.53347169523708
32.74066702462879
34.93565287746832
34.62442346503313
33.50294825309493
37.67830406607478
33.874736284527174
35.09347830478599
37.64136273068181
36.038207179936826
33.50687169302604
37.50920327298197
37.08211055088798
36.67757366474646
36.60817755155738
35.884654527234346
34.12185242069172
33.81688652268385
38.29729846122857
37.09384155769053
37.89405329761206
36.92882440126529
35.94796089794807
36.372562902898935
34.45721276163964
37.92854417093634
33.780975762701566
32.10981830783251
36.721280502810785
34.745977816805976
34.3843942055941
34.03473600326296
39.07322458035947
35.003942443825096
35.73955976528763
36.28665259658012
38.35621023039864
38.9035654807712
38.41131526185477
35.98266943528785
37.57414043903514
37.56433972708482
36.40875697497499
37.1270552126251
34.67150031008037
35.197845579026115
35.5305129003173
38.0637202944527
36.52026092484159
35.36755026915128
37.462505336616815
38.827108968616635
35.89069702106797
34.73206660573221
37.25276564737869
36.04425056218763
37.10394437091007
37.271064324727895
38.42542847049735
35.028375775569586
35.856581416292165
37.276627081399674
36.44712465973171
36.174665223523846
34.22002310010924
37.09798422058111
35.23157296428182
38.97783366407969
36.47889949179985
35.03684978602751
37.801064580419656
33.32251930548879
37.01397117768502
34.983139773780124
35.844901614493835
37.00517513590175
38.32012468453512
38.22146395741273
34.39046763081954
37.13150188775006
36.79174578204377
35.4923343953412
35.28274650704894
36.483298074226106
35.198186076730046
36.977125475775786
32.5213603085553
37.08893945525269
38.68752024272472
37.47859585774509
35.747653960863786
31.447436796539147
39.29510205987933
40.746598641374504
37.235833176951544
38.025296188208976
38.565318230454146
35.49049927951176
37.09227012921361
39.18246317608493
35.465799575350935
35.671322477336766
37.02793956439026
38.27167999407603
35.138602852752435
35.651623705330955
35.992286387623
36.08838807065909
36.599185396149096
34.17113674641976
33.95338477043722
34.837612024976345
37.19157229810011
33.76976112694646
36.448101044352036
35.57775691762168
37.008790132642346
35.49281966576725
36.244858935224094
37.20240662415263
36.3860624853624
37.01997287123173
37.615420510121645
38.279673999229054
37.65126207047075
39.672622333323766
40.868016112004405
36.037545900836825
34.08307350236916
34.86625248717592
39.30753312280915
37.42956582015183
38.040004502806674
35.152582176024495
38.07018384639952
36.40812995029235
37.74708231138869
36.39002357296394
37.65717205712449
38.50688920686983
38.22258396673312
36.37985313135173
34.90582018000483
35.98140920938891
36.366175366613135
38.99375186680936
37.48372677870937
36.608305461012094
33.73407372776256
41.21075160598895
38.46073298468703
36.049071768562186
39.50775590811644
37.5255704813139
34.85421405942407
38.32385205663792
37.20834305463178
35.97285757735163
35.967269947626804
35.98894980172508
37.88144962252205
39.13936666702337
39.12455183683825
36.182786479916594
35.447469694860565
36.18803009779565
39.12205267195676
35.28519159387141
36.70959662208841
36.3862280334741
36.66800348660371
36.270879077258634
36.12838382985422
38.67161541084839
38.80259219081804
39.383314561111135
39.554905960301205
35.786453218710776
36.43317039455205
37.2913558780117
37.09853963750611
37.309498222747784
37.87067963447479
37.84592906589435
33.717060295129976
37.62379936823553
34.80217522421976
31.379552261324058
36.968844176163614
40.33659555877062
36.676385677240035
34.68532380228624
37.34765553276079
36.707094204668174
35.10466620853596
36.350662390396366
38.09037256590489
34.405582282843305
35.61917768608443
38.647891213182014
37.82098974997052
38.07876899525182
36.77936813830152
37.4512385549549
39.009901749968115
38.59432805161106
35.59578111935088
36.70334434833701
38.72538612099259
37.03816049845622
40.489491242423426
38.912998508575825
36.94440593856654
35.40451429420252
37.24472114973013
40.01462608161342
35.96776508759094
39.34710084735768
36.639513501800764
37.857786490523154
36.55763109471092
39.249021332947756
39.28876536561912
39.42910407244564
36.00355260185724
35.78791280455869
37.81543241016955
37.90363375096301
36.004651417985784
36.84629841207286
37.567948644983744
35.90332215161952
39.3496058169141
34.3557325748652
34.13852127759037
39.607323461471736
38.95832852673084
38.57703417988501
37.85521601083197
37.10111202540658
38.736416476665966
34.87782350430078
41.81930909229001
38.03642335147328
37.198987910794344
34.37871853949709
36.283804819793126
40.206472527652025
35.0470515103895
36.9624565022861
37.317013541302885
36.2128247715991
38.481883022583595
34.70150215734868
38.92896309640996
37.02578540943882
37.70797711320299
36.778891564204415
39.23261172255184
34.3519105480063
38.523502906808574
38.03484449628467
37.55707810629898
37.91754484111613
35.79459419204075
39.15782040471768
33.969156797730285
37.34242615898632
36.60515891619152
38.56451429171385
38.394635604092805
39.101696499455414
38.66691655165848
38.59535161128906
39.60054431729483
34.45334579183802
33.3985303427465
36.120406547602016
34.91573650446533
37.302763000143074
40.55547788713857
37.224863594907944
36.212918077980994
37.5357096015277
36.82032415062223
39.66813099102267
37.109518038272554
34.49665429156329
39.077151901337665
37.97528525986387
39.31776340931044
37.19570913484125
37.32988992010029
38.49463307504273
36.214929381893164
31.568348478777295
37.371058685347215
37.328053720616694
38.81468764985198
35.83984240158529
34.428509117875244
42.571314622484074
35.77730861797654
38.784232778759176
33.32150527707584
37.16543264134085
39.29867149955899
39.62294532598378
37.16518165971206
37.748782921062244
38.204043172781624
31.738506116489607
36.12596094325858
38.305848229725335
34.09189072604954
39.934057960363994
35.960630272490754
38.4806088283576
37.69706458174195
38.694719232100944
32.95600702745795
38.350189044389815
37.56881607145355
35.668243239260924
40.007129083735066
35.0775620694089
42.32736105312105
39.17265172964716
36.88009639485905
40.79855023236249
38.489445623463816
38.908120806296665
37.91383645634699
37.42341064936207
36.786477639781005
39.67881344700843
32.74940308013309
37.40962752354397
40.50048469051034
36.70369739038862
35.948603482258946
36.687202750947556
36.10308227103001
35.486542316278154
37.13400169727736
38.313668661467695
36.11550605764579
36.3175134827579
38.79548073829145
36.04147778048427
30.607076856157025
37.064856596286745
38.34445652247932
39.13959397090262
35.603667668013955
37.21959482823772
36.542645704160456
33.334122469670326
33.20683004390727
34.65234933402316
36.551647674456916
38.98454713148539
35.08815445696958
36.25531053751719
33.01410726887424
32.84290622570416
34.14255869887295
32.55982378800183
38.41310225696603
35.72234261519852
35.57077706606994
37.60204308979226
36.191677190458044
33.122233062341905
36.9249295204107
36.358809001981
38.524912051613434
34.60852553336636
34.75640341758315
38.792480556472036
36.853597674778385
29.962085572743618
35.26688630997689
34.196566564166375
35.17549517061093
36.54260754346246
34.10216555042455
36.74273061979437
36.419153360080095
33.778252795550735
39.61475258706064
37.33643490209554
38.929124975576855
33.7667475633051
36.06633293973226
35.130176669928176
36.580856384358725
35.13983145176896
30.965633009565586
34.65755391340222
33.38028261908698
32.46649180912291
40.840479792696385
31.556740720018134
34.201822530281824
33.12362889701535
37.52879809947284
36.61994596835808
35.31226338632317
35.20980261994481
37.24374337165589
33.661992814764034
34.34060315581009
35.20358416478803
36.052114196828484
33.02732226612142
32.822112359272694
34.50564261625073
35.63414773585481
32.78888493873397
37.566751970618014
39.18737944665352
35.1206932202445
34.46223119172122
33.45888034711994
30.95716392512064
36.30338965192734
35.01179749110537
34.35251934459198
31.633553411559628
28.58203350790136
31.3872348943976
33.75044782917607
32.48892814745902
32.46253026128493
34.020196521499535
32.49335755302821
29.684495769775843
32.141476063218455
31.434173373309626
29.017997613049644
33.7786707606828
30.751564909529122
27.096283234115702
36.34577073727908
32.3525710814926
30.632279811624127
26.662512806270367
28.982956487410895
