6542040494895.86
5715786248808.9795
6158308037845.918
5653454975566.985
5933894369115.03
6137483209818.6455
6522956741259.368
6154522896933.404
6396885709627.512
5719128647215.963
5734493207431.142
5815862269291.717
6535199929753.264
5994400546109.412
5731318135611.94
5807315063725.983
6534847190725.452
6575427802747.262
5233627751266.258
6407157180732.745
6919880061998.268
6321861336651.708
6846896788746.491
5428934347709.204
5854961000768.926
5804376948965.596
5816497819281.112
6154231164087.956
5172956830712.5205
5624144510670.421
6500441155831.288
6035858800630.713
4850985293974.268
5860535585220.337
5751240337696.8955
7522131470333.739
5882157885998.595
6384917598588.709
5814927904779.954
7118546609733.301
5652967560856.039
5652766001675.263
6270804316239.479
5049279292721.557
5548756250446.962
5504428432502.251
6291948746476.1875
5412796564339.066
5842791241908.687
4815760168238.081
6202747503524.257
5084066986069.1455
6177505548831.296
6119970582861.413
7372775794429.231
6669348272519.671
6536578989886.324
6724923835948.041
6043977606717.942
5475639482839.102
6828642915156.03
5809274121220.6
5446098797572.884
4843995649104.528
5891905258204.408
5590919146673.496
6283648007703.79
6378215344065.611
5957996227568.357
4993649681654.444
4920393547268.857
5121862882017.751
5260225592518.215
6012337594590.587
5379124769930.656
6202744060861.411
5407896337661.891
6521062948471.309
6755783856613.024
5459194679703.671
7127454127782.803
5969761510317.1045
6476597455425.949
5077789505311.884
6130432486825.106
7106415277756.327
7054789499954.748
5620555034527.505
4748617744496.583
4574971123775.111
5926934707428.76
5817561405509.459
5566654493512.15
6695246757219.308
5228885026280.015
6039150022915.985
6000764853610.239
5985459976581.187
6750797944474.898
5284279590856.384
6053049762393.945
6748344760042.576
5205360187367.137
5427818524096.262
6192999161882.088
6446980024427.278
5815130641983.586
5111799571314.745
5091909907138.812
6527717330758.491
5290306738400.352
5733285095948.808
5379694361548.5
5447927470672.999
6651823931400.117
5634590125107.803
5542514877800.446
5912668388237.284
4925562626538.966
5949235972954.482
5820459313204.981
4955472324115.113
6673417578592.994
5328026550073.108
6069554016374.217
5395510662275.344
5618808305462.015
5073941125609.872
7009970318512.002
5555692342481.333
5496120834618.23
7033249281505.824
5657126340750.332
5153977348044.224
5251074454144.625
5834860589465.73
5624053864300.784
6879827676741.914
5493293277341.193
4553366508126.962
7032575976834.8125
5624372198040.022
6416570100649.654
4999022437917.259
4440925864902.086
5459331209646.6
5133466730672.854
5645013338314.224
5617186796697.339
4900510819784.658
5443204486179.348
5627819414754.309
5880422413523.205
5768345620438.993
4537682589031.84
5774458236132.156
5756267888590.857
5945915869640.983
5549205641537.294
5591148560285.731
7151617934314.487
6676020134058.662
5833171131896.831
5277749363143.391
5935425077669.749
5864812419748.157
5388832283242.608
5243275324212.692
5893743795235.503
6152906844811.796
5351338449863.712
4997355646955.804
5816806959229.683
6697425341256.912
5591189740554.583
5536750516141.845
4877782204082.731
5653486936063.934
7189209926600.949
5776334787335.947
7296290748953.211
6623547058745.238
4726997040404.1045
6938930088867.757
5925793309693.974
5367660521715.209
5811697886549.538
5212274986098.095
5485664183272.276
5422631647541.36
5220824714624.843
5223782985026.701
5767727469457.666
6147555190403.4375
5274238688860.934
5540534479342.362
5023694425500.37
6454498187049.228
5508076340102.187
6375324972181.995
4866348347395.804
5126631572788.117
5520934706310.033
4323552525021.674
6840346035491.318
5810605547164.578
6541816767178.708
4867066491336.631
5362109382483.033
5493874301378.096
5524605252562.29
5637109615170.844
4467285036325.812
4746667897677.182
6070047445778.613
5699448863121.232
6184617617232.856
4741282654476.855
6664512594660.84
6100636537740.758
5966587628625.32
5617607584175.4795
5388364026632.864
5453875966382.707
6407265654380.799
4896661205272.142
6532842933549.841
4513990179212.45
6305511885711.667
5956146358716.309
5525054115383.906
5234252026441.009
5288028998336.764
4935271411936.955
4894917914227.957
6346930236756.813
5059544862399.435
6038040052040.955
6421230507940.487
6728556612102.88
4313585915762.286
5445924735573.05
5319563276888.319
5690074434887.632
6447634550999.347
5484711250352.691
5673399650664.719
4942843742250.211
5716250149965.899
5728789470485.672
5676675658922.14
4930596165361.4
4701817725950.667
5560403213839.797
5237476428498.477
4936120025390.769
6645819097712.94
5683259066328.457
5888936631345.229
5195181342872.338
5379063378520.99
4386685236185.983
5345818632781.777
4820312935180.777
5770607039703.598
4666031234432.582
4298011985923.939
5556516725672.084
4851380572630.798
5346663137071.2705
4436435453420.977
6948357958252.254
4833355969720.749
4884708683079.309
5143472895866.557
5703261796818.713
6526068366460.602
4699939187414.775
5317683475797.316
5286505113070.126
7016151122000.327
4605067712114.122
5834580951487.912
4564309365360.816
6337724667055.439
6422298033841.776
4933781018278.248
4746830507758.229
4343154077131.456
5419511354919.025
5411867547043.276
5037106172914.559
5743367922080.5205
3772597645227.1025
4675393114524.862
5240778344166.734
5393175491488.4795
5386310107724.989
5011974429673.65
6160804260566.762
5458109633859.906
5181324364928.79
5650540427078.733
4940661868973.817
5982956927645.077
6530762557464.854
6864031943459.195
4938032136476.553
5402756645227.917
4858112403690.88
6032901132908.674
5343905820572.754
6738630059469.62
5312080337500.382
5437888319693.627
6693085568471.316
6436703737387.09
5768213932750.345
4740035093609.64
5059778238018.158
5393413598812.935
4925502180554.774
4882627916267.23
6057273568906.466
4330493296128.0996
4457265630009.575
6432954458745.069
6057118006568.974
5469192217751.613
5839546426063.8125
5490025718839.172
4370159134671.4814
5125849182334.018
5967161555536.833
4871557819376.77
5330189128819.363
5096241453009.163
4855146466703.783
5876310249257.523
4593607283179.441
5582060078391.744
4349942419855.7734
5202185663483.878
7027201948295.902
4169964694634.708
5706596937942.543
6872557345651.625
6954693253487.026
5623941119875.216
4846688646373.457
5421048403864.371
5737962161429.966
5097268717629.392
4749821699798.226
5991791721396.442
5374471754447.895
5482683423598.907
5200245159585.77
4506950817954.908
5475681538413.646
5201506576899.576
5179618636345.123
6006102422773.411
5359041178247.385
6413571687142.715
5658001589393.414
4754911327165.868
5281168155624.749
6513846263738.958
6505437156948.467
4933220204488.049
6310340052160.803
5050951277243.459
5358483828089.5205
6101765606322.413
5069364918060.216
5604104593935.737
5117596938395.253
3878020940804.0347
5013072604507.333
3848730631406.591
4935057019815.469
4658273067334.514
4852515121818.343
6940554509451.948
5886737926634.803
5095189459148.65
5513125420506.906
5352056802651.181
4431069833107.483
5448377481392.415
4675034584579.177
5223806087252.918
4920756945599.358
5215931782747.504
6711966826195.603
5406221063273.7295
6969847914875.997
6701172618302.958
4393188540799.544
4810300509646.539
6352767751574.707
4457629396024.287
4267543538813.995
5976812257793.566
5658658344513.812
5627095014493.107
4778038051277.777
4868527957713.2
6226767747824.76
6978256406208.621
5372015639695.292
4671228505964.39
6117090626050.105
5706129597049.97
6320122955483.552
6203715779729.658
5509552990349.924
5743759764438.955
6414600027545.077
5729229667931.563
5555477775319.733
6795875611833.549
5182127816552.773
5085459044767.485
4523049164027.365
5993070330651.2295
4144262796811.929
5814240033883.692
5208419069436.892
6414918011913.562
4859465412815.576
6114505063977.141
5455312155511.628
4785929399191.751
6442658325912.11
4881989576776.716
5839722460537.336
5181170642964.591
5375323164355.009
5239400517689.135
6262081841697.119
4524822133326.31
6164740460965.31
4752153956229.207
5014159578795.288
4922373857279.091
5467879773909.159
5178885445620.453
5116309495135.805
6092777897796.158
5038126921872.46
6503974369080.741
5794274419856.127
5596121425001.134
5744807322289.441
5054713336476.7295
4845273154711.745
5406138090585.015
4888413692823.611
5590015665152.537
6682345168272.693
5383808563844.021
5718406632920.526
7231543457763.962
4794082925103.718
5878709862519.96
5811149607460.3
5635315677623.047
5238053899327.295
6441706484220.613
6314097952172.071
6366372510219.152
4900823211442.512
5245429602892.97
4712329840918.668
6054231982547.794
5100570573126.727
5579536055738.242
5622585892899.783
5035929611891.952
5487981853366.528
5534033821001.848
5216855339498.835
5587472602418.996
5986319304038.941
5702671399714.302
5133778608268.362
6743574497019.607
5674989354339.357
5518950647270.935
5500987588937.94
5760086089799.909
5782616611991.198
4528504722184.579
5569370167841.026
5162646956912.969
5893873363929.544
5423623418396.03
5335208291724.32
