20776906.16383389
18144145.97939061
20117297.443826724
18516650.880378794
19097949.295137573
19311963.021029852
20568356.477556765
20034408.150985643
21199735.942737415
18311004.167822134
18504246.631543946
18710328.15891313
20912282.010676313
19157218.554398388
18515135.910130206
18753214.60118847
21465166.580415785
21751333.361564085
16923888.42796671
21164988.689495683
22269872.68292353
20428804.99062225
22953303.160105154
17466157.107199762
19273807.45336646
18885861.371588062
18392730.656411707
19655605.01964338
16736268.974479137
18250293.232299685
21394650.734010078
19446220.93501851
15743547.360676652
18562559.866348885
18893488.809381153
25186522.08286813
18996596.424283557
20941698.475731697
19332794.99597635
23042734.61979773
18121337.56678862
18747989.973177653
20265667.95248323
16125686.96924397
17822949.81504711
17849766.94312205
20588993.65024987
17342775.652091835
18735575.727219712
15776691.957289118
20216946.349732332
16158369.529383311
19648511.512208696
19985200.437908724
24174455.23917945
21652147.669486795
21643065.27098471
22325380.12768567
18838762.634469092
17857426.96416912
22591078.741676748
18664763.100078624
17790287.147694487
15397967.87871679
19512439.558477867
18017514.104733177
20718868.432743974
20603343.428742494
19365096.306172017
16738121.925935451
16237731.664493307
16564080.116351333
16761366.761343732
19204480.618397932
17451476.899095047
20302152.008350674
17635983.458279204
20784974.296687495
21819078.223947294
17663785.425831016
23924961.659853835
19484706.293348935
21382765.858760476
16124771.380348582
19588094.988735378
23256636.81178416
23360520.086510405
18281874.618885458
15036203.551318781
14088249.220873779
18934201.77985759
18646322.70204326
18272300.665456023
21960712.103041813
16540427.440436061
19750202.807219893
19385526.564639363
19678598.534641683
21615400.828886636
17201347.03035079
19749046.045459107
21357575.19760332
16806818.95858413
17225105.80633043
20569238.11533131
21187395.45027447
18748304.106088743
16235242.845971977
16159453.33924241
21241338.94938569
16645578.905117782
18488098.697381724
17749731.44172637
17428351.74001944
21539071.537372474
17816210.065132216
18419665.153337974
19232018.515688874
16297342.855540657
19524881.13172969
18673464.85641309
15796575.732826333
22051112.742429204
16760907.751768438
19432233.748323735
17314253.165250584
18379945.909012195
16543700.624530656
22543990.999813545
17333669.57617762
18024909.929020416
23233193.298272375
18232612.96252367
16214837.552697152
16711618.146195324
19097288.864056513
18351322.730569813
23153385.53964055
18006827.772317614
14326382.325551793
22931231.10551609
18046553.509580906
19876123.97383353
16325520.444693135
14636588.613573385
17829087.999652423
16689620.95831441
18129503.512096096
18015630.69298911
15806236.760254417
17376723.564783946
18183353.797916744
19408208.170194946
19071811.945702877
14739351.9801416
18788192.120728105
18527996.353909817
19572094.99003711
18430658.08363132
18342543.507321276
23187631.510743007
21583886.341129392
19118052.887130376
16809283.54740111
19056157.515279833
18915053.51695062
17667279.571226034
16770475.40738393
19524950.588491663
19812207.113685843
17325913.67097477
15756845.480424948
18646032.87157704
21439468.340670913
18194615.532052126
18132338.865845185
15498159.48898886
18203946.43560598
23470630.524408627
18950874.046685904
23326079.240075924
21094205.06689068
14948652.162620949
22819023.926884994
19056154.401595473
17396661.51920002
19000979.41318133
16796099.248540998
17960696.97960061
17208053.320521567
17086266.742904104
16649792.892911062
18892995.781385083
19720773.7298123
17507724.3836694
18421385.18315655
16148535.128959501
21103501.666180518
18243002.61866585
21131841.943705603
15603198.341179343
16985043.387440156
17399018.390276678
13781480.10601138
22902136.07494726
18507687.24511421
21393313.1301255
15498034.947385633
17590644.846232753
17989654.234678734
17720939.908675972
18007132.799608007
14091281.747284519
15227198.954959624
19888160.723854307
18490290.890651718
20470745.418633472
15357361.464852948
21390132.038610708
20370988.108266428
19572933.029242918
17997421.421028294
18081313.10477735
17988317.27274264
20682499.76340626
16062176.480536764
21003215.986291196
14089060.85863983
20686828.496621933
18822257.134397566
18004204.454672158
16956355.890872598
17551160.01332041
15822677.239766315
15847550.53469083
21076883.47946848
16651416.996820284
19545428.614283603
20747908.24835906
21901037.742255416
13869717.251948575
17681792.761514843
17277994.15259825
18383334.539019343
20677152.287623152
17551289.842775695
18556232.35929367
16101806.879153673
18425538.717116375
18578477.480444
18640968.582782146
15972826.256304765
15402872.597795505
18112399.605419166
16933611.677870594
16506756.949233107
22323321.04291758
18531834.055199582
18737909.841926403
16891422.2040279
17192827.92013053
13838224.60417051
17358182.005307104
15322705.730715059
19040015.06206106
15003509.852620186
13530899.696369063
18377836.62657879
16032386.638990827
17039974.504630942
14257929.073869802
23119474.01647966
15487033.002433542
15980663.359283531
16454165.884463634
18307410.901967622
21869075.307054423
15557815.26369826
18069075.222926404
17559639.827515997
22992558.934308387
14940051.123847999
19700819.474445157
14684891.11883568
21057570.874154076
21211432.228436712
16116523.9058369
15107109.468029795
13849518.924181534
17220263.392995227
17975741.067391373
16321705.981027892
18230146.59322164
11795141.600476922
14962771.210628515
17243053.171879366
17390959.397862386
17225731.078245282
16172305.525302403
20040148.18975884
17516065.98163305
16747234.621956006
18317886.37533251
16050459.710719429
19370911.449066587
21605616.84941294
22471824.31209589
16147481.147509303
17101545.25674894
15487060.791291438
19501721.614984203
17119022.087287817
21651300.287339184
16806468.63616479
17932232.04512171
21707507.08956649
21005766.23494546
18402396.967217483
15422456.545044256
16466261.312028812
17804764.112261534
15923798.702540921
15613335.642657518
20337643.886149336
13533369.5157781
14316762.19766697
21110449.256043922
19875559.943565372
17779920.710644163
19178162.679146796
17800232.6087014
14060589.231669294
16484470.715741314
19481115.612804256
15896208.883034486
17165656.802743495
16752149.949694764
15786198.845404493
18967459.26461843
14979237.264056511
18144970.82457276
13960160.90102878
17051529.9908009
23116944.9170553
13749300.232304033
18481220.258256335
22433790.53029381
22565348.837411866
18295492.338457685
15613490.753831541
17017466.988731757
18640910.030919448
16438850.416854039
14805912.234113855
19560429.94211062
17858034.219657626
17726833.600857258
17204061.427891117
14614624.50635366
17907261.54192239
16881173.77672517
17369667.36975962
19205602.132925816
17452036.76894795
20957352.09956474
17601585.10652924
15335824.787726605
17161153.532638706
20998507.884623937
20940560.489977613
15288159.3234031
20614057.90847555
16557462.207139911
17825465.95834238
19640551.57021947
15660630.345232835
18387916.036396574
16722451.320293209
12363428.214370452
16081738.85303149
12309879.728477981
15740712.520576779
15007742.609714586
15510577.802177489
22582835.180208955
19234326.55940134
16409248.876825402
17555795.222883046
16836400.021943096
14649072.474895576
17367178.049632505
15290676.303604309
16829633.15385345
16015489.851840131
16730955.250064874
21483034.606274374
17473928.345200107
22978298.212886054
21803638.4730722
14074657.097173933
15292762.032889469
21170769.36850086
14523501.714441566
13842903.201661628
19637433.461408634
18298967.455793142
18052814.384027544
15312382.692200987
15834637.831164183
20178744.016993765
23066535.68344966
17242178.40729921
15376155.30055601
20031436.267849274
19101497.756687887
20329500.293544985
20629575.46448485
17919230.37978865
18592210.266592104
21303393.843486965
18891791.870399572
18138182.127089605
21989192.483386412
16818920.517231654
16391972.292255636
14722051.873678187
20083775.09014748
13175903.519351771
18969093.746895798
17337628.246083867
21320868.9490535
15584993.327966604
20028269.534141544
17972976.46297248
15672380.815576682
20341330.71714704
15887091.244037677
18664032.095649216
17585697.56729654
17249424.651840128
17245470.530181788
20419749.50075596
14644073.60865423
20666592.188053258
15475083.92470623
16045715.24770546
16213907.29117542
17250817.829659507
16438426.839992315
16232434.151168391
19779310.14084807
16108943.542399803
21344517.362017
18822382.863989625
17747939.601846196
19095180.939980716
16151207.542828584
15747068.179835439
17768941.39613172
15693061.871587735
18112667.793697983
21708667.961203415
17118162.40960103
18767322.163024724
23884594.725144
15694560.46452841
18901429.0003983
18962292.788169287
18650669.08438505
16571300.975951886
21024290.284148876
20631379.269595414
20991436.966089375
16240291.109490102
17134717.159805868
15392633.188625777
19309369.001898985
15901282.12451258
17981511.703898035
18176025.030061357
16216000.545950733
18037478.983071603
17787398.54996208
16818096.647962105
18151089.07878684
19345497.106738817
18827525.138042603
16297461.984252214
21711013.755419794
18547052.338185884
18332968.957792114
18601405.859426048
18197318.882478274
19168342.591889244
15129691.276951637
18013301.08872071
16506379.771488043
19166048.069331143
17580734.402880535
17614218.539438803
