84719436.0
95873945.0
60016182.0
55396507.0
84439118.0
75512900.0
80349119.0
55910827.0
73073849.0
79320661.0
84972630.0
70026452.0
70200452.0
74585556.0
79105551.0
66451528.0
59847210.0
70346860.0
72317674.0
79667786.0
70683028.0
73412426.0
107910680.0
74526783.0
65864586.0
63981898.0
76479741.0
69874219.0
59436371.0
62002800.0
65142126.0
58045566.0
59572430.0
55604321.0
62305448.0
91664267.0
56240651.0
57126894.0
73871373.0
86003210.0
53263125.0
50776722.0
68789505.0
54067886.0
52470348.0
60063002.0
49130713.0
56103686.0
67745486.0
43115562.0
59812498.0
60510938.0
50732860.0
69292931.0
95620925.0
75189622.0
80612607.0
63393257.0
59249967.0
63057333.0
76662665.0
70832043.0
66236045.0
47161646.0
55706572.0
76845061.0
58640833.0
57735926.0
64625428.0
69966279.0
62520164.0
50641655.0
53380900.0
63231302.0
55647262.0
58183283.0
55383521.0
68284246.0
72388746.0
46627377.0
70010748.0
54135758.0
67248715.0
83688926.0
62603378.0
69539158.0
79349612.0
69725956.0
63526098.0
47857222.0
49830698.0
49608787.0
48010244.0
92941747.0
63851810.0
58762246.0
52557762.0
53288730.0
73997694.0
53057522.0
60619085.0
96406342.0
50016529.0
55189008.0
63935085.0
58153470.0
55431057.0
46766925.0
43131187.0
75981679.0
59545948.0
59085755.0
64501148.0
48874537.0
83330677.0
53450030.0
53197847.0
78141935.0
55330656.0
49486087.0
47079838.0
46628520.0
69548228.0
84895954.0
69494334.0
81818992.0
57273038.0
64958488.0
91470164.0
62677672.0
41937847.0
87413626.0
72955250.0
50995320.0
55985978.0
45219388.0
65591307.0
49164687.0
59346358.0
39438894.0
79370141.0
47494552.0
38722121.0
60924609.0
84086168.0
71824380.0
52280341.0
73098319.0
46864758.0
63338836.0
60251168.0
33816616.0
53132663.0
34318793.0
45370732.0
51684229.0
46761757.0
72204082.0
55244204.0
51706084.0
111189243.0
59633489.0
45707437.0
54965205.0
85424706.0
42660576.0
52816598.0
73113358.0
63768996.0
48596946.0
61579769.0
55727967.0
43578336.0
74813354.0
41482957.0
59890010.0
53387692.0
83047069.0
89350565.0
47166864.0
76540528.0
83417355.0
65073048.0
96030740.0
27361380.0
54869554.0
60469136.0
58074380.0
82123960.0
54794718.0
85803770.0
68545977.0
31158315.0
57798220.0
56133766.0
46907514.0
37277718.0
72849371.0
62559019.0
77766039.0
38150327.0
69814890.0
61171320.0
35782798.0
107235516.0
69097365.0
70036170.0
36214165.0
36273724.0
63669371.0
34821323.0
44336964.0
41065880.0
81938669.0
49363716.0
48828197.0
74865464.0
42350732.0
68604422.0
42921466.0
43707683.0
41366351.0
40196645.0
57163293.0
90322041.0
36707318.0
83990674.0
51196708.0
88064328.0
69049033.0
63633131.0
50889562.0
55841882.0
43909771.0
48667637.0
42293449.0
66708549.0
66503834.0
56180682.0
81448874.0
42923750.0
51519981.0
49638059.0
68946901.0
120578554.0
39914400.0
43017067.0
54453833.0
45055798.0
40104376.0
58840117.0
44340481.0
42016463.0
77170347.0
50430533.0
37766830.0
71817104.0
29332620.0
89378911.0
51147819.0
60481935.0
65374800.0
38048030.0
41623694.0
55847600.0
46923913.0
37661370.0
66197177.0
75580554.0
52142768.0
53532944.0
112725379.0
48628002.0
43232238.0
59804127.0
39264563.0
126823598.0
39831674.0
46165209.0
44831196.0
109164278.0
43316659.0
46431377.0
39106845.0
57230496.0
40927740.0
53270955.0
58022051.0
57637091.0
67951733.0
48375996.0
42107135.0
66195535.0
31264556.0
27989317.0
62685047.0
32840712.0
57882757.0
41096323.0
56236369.0
