20929531.799760256
21125897.807605475
18564319.0106341
17537465.674354516
20973977.803026624
19550253.072965324
19418208.483858082
16985117.251947764
20196829.811466377
20099497.51878154
20809182.8530456
18962038.221007247
20481659.361457307
18690135.789267637
19082561.24590225
18112260.78070017
18000419.560340695
19603557.417960916
18700857.976837844
18398325.77648258
20535435.019624054
20114351.053165875
24873631.11667666
19767552.504365742
17349275.32398376
18967401.500815142
21151235.179955706
16746358.982172726
18100189.21433735
16967643.59624489
19886895.41107386
17090541.7024277
18963635.29668597
17431506.46935755
18119188.07774092
22782605.433976747
17721437.90096626
17595648.1799096
19502590.561875004
22217426.545572445
18069283.61018765
14011765.62424955
18025594.44830005
17935897.948398586
17015790.113677584
17350372.27740882
16016367.98388739
16717432.610302467
18933048.98109853
15704736.051198907
19264543.916730043
18839804.07880371
17021023.987470727
20806752.849096574
23599847.457029972
18117633.222790077
20250416.156728756
18588720.814316474
18071534.923082292
19080105.870667085
19522240.332084358
18499946.051449418
19292733.262647558
17050555.328759536
18508550.395071458
21558563.7886616
19336951.42930719
18827511.088012125
17889103.101821568
19935935.363136128
19453756.453045037
14724401.775106473
16689059.18220657
18163060.251841154
17412894.559056938
17328884.046579886
17544187.430610526
19710651.025075313
19999109.045575038
16333365.823789097
21384769.174865663
17406823.191790164
19049129.660155505
20736824.404137645
18466004.918336317
21261389.61419432
23527718.105464738
19193460.910099808
18169915.29773871
14340049.58128964
17388699.53682748
16811209.95409217
17205093.944269568
23273731.82596873
19345722.91437986
18651085.70703321
16620376.337790336
16619149.673733294
20214941.131379247
17099788.462591864
18617883.733122203
23808679.83292968
17968789.187960323
17012849.188393455
19050143.69053934
18232919.115050297
18346376.498809107
15701322.935951333
15644500.455547351
21011306.515421625
17000407.54060103
18174066.049752682
19992505.832391072
17308309.978715453
22851751.121807646
16408571.004309392
17180630.82998789
20830814.935932517
16803744.14066808
14596190.981076546
15222704.605306055
16127327.597723268
20258797.86733253
21609843.857374255
17487607.699923564
21132363.04666859
18419119.92150123
19339673.153070122
20135503.519460764
20011251.8850017
15949075.172411304
23487948.772990227
19226130.878335338
17590242.689772
18113978.24565988
16199290.23166883
19770907.46884132
16580903.95193872
17632995.24127783
14478742.990133585
21965818.452185206
16856455.383223552
16247325.645392478
18980825.446501393
21477183.773753095
21051875.932425182
17759522.491263144
20378101.550149485
15565404.223003881
17509785.35819889
19667870.635026954
13848034.214771692
16501935.86635964
14394579.093362203
16132215.720563337
15692775.244919797
16510060.815620128
19264225.284644824
18855708.938784134
17768778.622324802
23640821.858977865
19021092.237408105
14635584.979167508
16857096.570978943
18205161.726692606
14877364.059102364
17392539.06011801
21214296.942610763
17821333.02251562
17500960.82391871
17030123.320248984
16513226.935852425
15937598.942260796
20894231.464474156
15406137.359120682
18820624.72463378
17920932.229142364
21449246.793880615
23594736.814841706
15235053.28085258
20565043.133744024
21804746.595713016
17063150.78779314
23472922.6290191
13645443.947968975
18552476.06233268
18473624.57299021
18789690.370370522
20424823.676898167
17153343.62238196
18483917.23206615
19794267.333401218
13338340.204723716
17989670.102597654
17697106.166836884
15795708.919007415
14467168.604551785
18059577.64490203
19498167.536073808
20060882.859163903
14510236.323977701
18690723.01237818
19065551.19349991
14124212.32861668
24299777.310910854
17835207.61336278
20710926.811536413
13589658.923082296
15052451.943111826
17073870.6386899
14420414.990288796
16913280.973775636
15032925.129461514
21561869.049218774
17266534.5896824
17080800.74302253
18772447.321805205
15523211.22648495
18819926.602350406
15357391.850715218
16183930.544105476
14160463.07926466
14210049.8470045
16858392.189187333
21974404.855262283
15792284.425416203
21075890.79508812
16064676.701028015
19649340.920800008
20006708.869512577
16781749.20176108
16683029.271490274
16814775.220420457
15832827.406521713
17308668.77977266
15322315.439423986
17641192.494372077
19620794.514394544
18064166.340041038
21375039.76186691
15807183.877598671
15947298.444060378
16073208.40851835
19933396.605734788
24517670.628717802
14832702.823229773
15748905.31365363
18622910.294667892
15082165.707547512
15840158.27170298
16987414.01909199
15905985.473379849
13468694.292066582
19960367.837844674
16415886.471010095
13252344.78888592
19262669.000205554
12228429.452401519
21108564.481180865
17005771.61165929
17526703.23875573
17464087.219421793
14212631.582729973
15043413.451056646
17759629.150353476
16122964.143529482
14544631.765135786
19329530.050013963
19386815.379757646
17195690.770139754
16737216.084861623
23846859.62326145
16861113.641777806
14610227.403034471
16822097.135328647
14901700.719723238
24030196.483506083
13114568.592844963
16875162.659607615
15976598.751454735
24569448.136243258
16164902.186398035
14026232.785340294
14142559.530394817
17036561.441024177
15468660.06863639
17112564.63437791
16948357.99923595
17523304.003394764
18237442.469190255
16289132.441425454
16119610.29407149
18750964.261107273
13186688.968482286
12841317.53854375
16733617.944859743
13221657.263094008
17211863.303494602
15390204.848643694
18093690.885920886
