48.78
49.27981481481481
41.53333333333333
39.11555555555555
48.90185185185185
44.657407407407405
43.37537037037037
36.845
46.56777777777778
45.556666666666665
48.33518518518518
43.28888888888889
45.346666666666664
42.407037037037036
43.81055555555555
40.48203703703704
39.15925925925926
44.699444444444445
43.02388888888889
43.01907407407408
45.379074074074076
45.18666666666667
58.909814814814816
45.5
39.03407407407408
43.02962962962963
47.55407407407407
38.03074074074074
39.34388888888889
38.59574074074074
44.075185185185184
37.58240740740741
42.931666666666665
38.120370370370374
40.45074074074074
53.09574074074074
38.82222222222222
37.937222222222225
44.02814814814815
50.42611111111111
38.78074074074074
31.52722222222222
40.50833333333333
38.21962962962963
36.84648148148148
38.28648148148148
35.007962962962964
37.22611111111111
41.71962962962963
33.617777777777775
41.495370370370374
41.635
37.62611111111111
46.05759259259259
54.665925925925926
40.82851851851852
46.056666666666665
41.235
39.965185185185184
42.145185185185184
44.931111111111115
42.074814814814815
42.47185185185185
36.79555555555555
38.47759259259259
48.77092592592592
42.909444444444446
40.71851851851852
39.71537037037037
44.373703703703704
42.65592592592593
31.58185185185185
36.88981481481481
39.66722222222222
38.08
38.04907407407408
38.88981481481481
43.28981481481482
45.477407407407405
35.763703703703705
47.045
38.407222222222224
41.98685185185185
46.574444444444445
40.49981481481481
47.47666666666667
51.672037037037036
43.041296296296295
40.492037037037036
31.074814814814815
36.962407407407404
36.13925925925926
37.05
52.230555555555554
41.86222222222222
41.354814814814816
36.328148148148145
36.23407407407407
45.04185185185185
37.383148148148145
41.11592592592593
53.64685185185185
38.32333333333333
36.473333333333336
42.04259259259259
39.11259259259259
39.92333333333333
33.565
33.27537037037037
47.324074074074076
37.29148148148148
39.788148148148146
43.94962962962963
38.068518518518516
51.65925925925926
35.18907407407407
37.339814814814815
47.9362962962963
36.571481481481484
31.92111111111111
32.574814814814815
35.34703703703704
45.16648148148148
49.3262962962963
39.925
47.88851851851852
39.78925925925926
43.08462962962963
46.492222222222225
43.46685185185185
34.165925925925926
54.31388888888889
42.071481481481484
37.919259259259256
39.62
35.00611111111111
43.91166666666667
36.06962962962963
39.21018518518518
30.37925925925926
49.75314814814815
36.635740740740744
33.47481481481481
41.34703703703704
49.69111111111111
47.565925925925924
38.53685185185185
45.77796296296296
32.76833333333333
39.479814814814816
43.41166666666667
29.19611111111111
36.266851851851854
30.393703703703704
34.18
34.487037037037034
35.35629629629629
43.79240740740741
41.22388888888889
38.16833333333334
55.93555555555555
41.303518518518516
31.617592592592594
36.897777777777776
41.21685185185185
32.03055555555556
38.380185185185184
47.155
39.54666666666667
37.77537037037037
38.071851851851854
36.199074074074076
34.01277777777778
47.0312962962963
33.13462962962963
41.29222222222222
39.28314814814815
49.547407407407405
52.775740740740744
33.25925925925926
45.959074074074074
48.71851851851852
39.09148148148148
54.483518518518515
27.280185185185186
40.571481481481484
40.72
41.26166666666666
46.94425925925926
37.41462962962963
41.76037037037037
43.922037037037036
26.849074074074075
39.10981481481482
38.75111111111111
34.11314814814815
30.427592592592593
40.82277777777778
43.24814814814815
46.03314814814815
30.224074074074075
42.18907407407407
41.28074074074074
29.583148148148148
57.31444444444445
39.70759259259259
46.03907407407407
28.176666666666666
31.433888888888887
38.36055555555556
30.42703703703704
36.30240740740741
31.666851851851852
49.01814814814815
36.861296296296295
37.29240740740741
42.23240740740741
33.57592592592592
42.39555555555555
33.31
33.916111111111114
30.000925925925927
30.62185185185185
36.79888888888889
50.18037037037037
33.41481481481482
48.01259259259259
34.51277777777778
42.81055555555555
45.14592592592592
37.76351851851852
36.79333333333334
36.92907407407407
33.50185185185185
36.40203703703704
33.15796296296296
39.635925925925925
43.574814814814815
40.37574074074074
48.23574074074074
33.57111111111111
34.945
34.75925925925926
43.662592592592596
57.666111111111114
31.133518518518517
32.656851851851854
40.68296296296296
33.12074074074074
33.752037037037034
37.5912962962963
34.04481481481481
29.105555555555554
45.46111111111111
35.48240740740741
28.94185185185185
42.80277777777778
25.50759259259259
49.48888888888889
36.409444444444446
38.944074074074074
37.888888888888886
30.17796296296296
32.007407407407406
38.35074074074074
34.778888888888886
30.691481481481482
43.861111111111114
44.27925925925926
37.29185185185185
36.77166666666667
55.958703703703705
35.961481481481485
31.330555555555556
37.48888888888889
31.592777777777776
58.59351851851852
28.254074074074072
36.65425925925926
33.77962962962963
57.443333333333335
35.13981481481481
31.215555555555557
30.683333333333334
37.74722222222222
33.230555555555554
37.797407407407405
37.54481481481481
38.83111111111111
40.81425925925926
35.83611111111111
34.76240740740741
42.046851851851855
27.465740740740742
26.008518518518517
36.43518518518518
27.385185185185186
38.327962962962964
33.1012962962963
40.10425925925926
